joint0_x,joint0_y,joint0_z,joint1_x,joint1_y,joint1_z,joint2_x,joint2_y,joint2_z,joint3_x,joint3_y,joint3_z,joint4_x,joint4_y,joint4_z,joint5_x,joint5_y,joint5_z,joint6_x,joint6_y,joint6_z,joint7_x,joint7_y,joint7_z,joint8_x,joint8_y,joint8_z,joint9_x,joint9_y,joint9_z,joint10_x,joint10_y,joint10_z,joint11_x,joint11_y,joint11_z,joint12_x,joint12_y,joint12_z,joint13_x,joint13_y,joint13_z,joint14_x,joint14_y,joint14_z,joint15_x,joint15_y,joint15_z,joint16_x,joint16_y,joint16_z,joint17_x,joint17_y,joint17_z,joint18_x,joint18_y,joint18_z,joint19_x,joint19_y,joint19_z,joint20_x,joint20_y,joint20_z,joint21_x,joint21_y,joint21_z,joint22_x,joint22_y,joint22_z,joint23_x,joint23_y,joint23_z,joint24_x,joint24_y,joint24_z,joint25_x,joint25_y,joint25_z,joint26_x,joint26_y,joint26_z,joint27_x,joint27_y,joint27_z,joint28_x,joint28_y,joint28_z,joint29_x,joint29_y,joint29_z,joint30_x,joint30_y,joint30_z,joint31_x,joint31_y,joint31_z,joint32_x,joint32_y,joint32_z
348.0,84.0,3.344000101089477,346.0,77.0,3.3620002269744877,346.0,78.0,3.3620002269744877,347.0,78.0,3.344000101089477,342.0,77.0,3.398000240325928,339.0,77.0,3.398000240325928,337.0,77.0,3.3800001144409175,341.0,82.0,3.344000101089477,326.0,81.0,3.3080000877380367,347.0,92.0,3.344000101089477,343.0,92.0,3.3080000877380367,344.0,135.0,3.2220001220703125,302.0,126.0,3.1410000324249268,338.0,196.0,2.6580002307891846,291.0,187.0,2.879000186920166,354.0,249.0,3.125000238418579,285.0,251.0,2.635000228881836,358.0,265.0,3.064000129699707,283.0,269.0,3.326000213623047,356.0,265.0,3.0790002346038814,287.0,268.0,3.189000129699707,354.0,259.0,3.0490002632141118,290.0,263.0,2.7760000228881836,346.0,258.0,2.8010001182556152,314.0,256.0,2.4880001544952393,342.0,335.0,3.157000064849853,309.0,342.0,2.6920001506805415,340.0,421.0,1.8620001077651975,298.0,439.0,1.6990001201629639,332.0,433.0,1.7470000982284544,294.0,449.0,1.586000084877014,376.0,438.0,1.777000069618225,318.0,464.0,1.502000093460083
348.0,85.0,3.4170000553131104,345.0,78.0,3.239000082015991,346.0,78.0,3.2560000419616695,346.0,78.0,3.2560000419616695,342.0,77.0,3.2060000896453857,339.0,77.0,3.189000129699707,337.0,77.0,3.17300009727478,340.0,82.0,3.3620002269744877,326.0,81.0,3.3800001144409175,347.0,92.0,3.2900002002716064,343.0,92.0,3.2900002002716064,343.0,135.0,3.189000129699707,303.0,126.0,3.1410000324249268,339.0,197.0,2.6460001468658447,291.0,188.0,2.906000137329101,357.0,251.0,3.17300009727478,287.0,251.0,2.5590000152587886,361.0,267.0,3.3080000877380367,284.0,269.0,3.189000129699707,360.0,266.0,3.3080000877380367,288.0,268.0,3.0790002346038814,357.0,260.0,3.326000213623047,292.0,263.0,2.6580002307891846,345.0,257.0,2.7400002479553223,314.0,256.0,2.468000173568725,342.0,335.0,3.398000240325928,310.0,342.0,2.7040002346038814,340.0,421.0,1.8620001077651975,298.0,439.0,1.7090001106262207,332.0,433.0,1.7470000982284544,293.0,449.0,1.6070001125335691,376.0,438.0,1.718000054359436,319.0,464.0,1.502000093460083
351.0,86.0,3.3800001144409175,348.0,79.0,3.3800001144409175,349.0,79.0,3.398000240325928,349.0,79.0,3.398000240325928,345.0,79.0,3.3800001144409175,343.0,78.0,3.3620002269744877,340.0,78.0,3.3800001144409175,342.0,83.0,3.398000240325928,329.0,82.0,3.4940001964569087,349.0,94.0,3.344000101089477,346.0,94.0,3.326000213623047,343.0,134.0,2.961000204086304,304.0,125.0,3.2220001220703125,334.0,195.0,2.6020002365112305,294.0,189.0,2.6920001506805415,345.0,244.0,2.7280001640319824,289.0,250.0,2.5380001068115234,353.0,261.0,3.1410000324249268,285.0,268.0,3.2560000419616695,351.0,260.0,3.0340001583099365,290.0,267.0,3.094000101089477,347.0,254.0,2.7160000801086426,294.0,262.0,2.6690001487731934,347.0,256.0,2.7280001640319824,317.0,255.0,2.468000173568725,344.0,334.0,3.1410000324249268,312.0,341.0,2.8010001182556152,341.0,420.0,1.9140000343322756,299.0,440.0,1.6670000553131104,333.0,433.0,1.6630001068115234,294.0,451.0,1.5740001201629639,375.0,438.0,1.6900000572204588,322.0,464.0,1.4840000867843628
351.0,86.0,3.455000162124634,349.0,79.0,3.344000101089477,349.0,79.0,3.344000101089477,350.0,79.0,3.344000101089477,346.0,79.0,3.3800001144409175,344.0,79.0,3.398000240325928,341.0,78.0,3.4170000553131104,343.0,83.0,3.436000108718872,330.0,82.0,3.6160001754760738,350.0,94.0,3.514000177383423,346.0,94.0,3.55400013923645,343.0,134.0,3.064000129699707,305.0,125.0,3.189000129699707,334.0,195.0,2.5590000152587886,295.0,188.0,2.6920001506805415,345.0,244.0,2.7160000801086426,291.0,250.0,2.5280001163482666,354.0,261.0,3.2220001220703125,288.0,268.0,3.17300009727478,351.0,260.0,3.064000129699707,294.0,267.0,2.7760000228881836,347.0,254.0,2.764000177383423,297.0,262.0,2.5280001163482666,347.0,256.0,2.7760000228881836,318.0,255.0,2.4580001831054688,344.0,334.0,3.1410000324249268,312.0,341.0,2.764000177383423,341.0,420.0,1.9080001115798952,300.0,440.0,1.6720000505447388,333.0,433.0,1.7280000448226929,295.0,451.0,1.5780000686645508,375.0,438.0,1.7320001125335691,322.0,464.0,1.4810000658035278
352.0,86.0,3.4170000553131104,350.0,79.0,3.436000108718872,350.0,79.0,3.436000108718872,350.0,79.0,3.436000108718872,347.0,79.0,3.436000108718872,345.0,79.0,3.436000108718872,342.0,78.0,3.436000108718872,343.0,83.0,3.436000108718872,330.0,82.0,3.4170000553131104,350.0,94.0,3.3080000877380367,347.0,94.0,3.326000213623047,343.0,134.0,2.9200000762939453,306.0,125.0,3.239000082015991,334.0,195.0,2.570000171661377,296.0,188.0,2.624000072479248,342.0,243.0,2.624000072479248,294.0,250.0,2.4780001640319824,345.0,260.0,2.7890000343322754,291.0,268.0,3.1410000324249268,344.0,259.0,2.764000177383423,296.0,267.0,2.8930001258850098,341.0,253.0,2.6810002326965328,299.0,262.0,2.570000171661377,347.0,256.0,2.7760000228881836,319.0,255.0,2.4780001640319824,344.0,334.0,3.273000240325928,313.0,341.0,2.866000175476074,341.0,420.0,1.873000144958496,300.0,439.0,1.6900000572204588,333.0,433.0,1.7230000495910645,295.0,451.0,1.5910000801086424,375.0,437.0,1.7280000448226929,323.0,464.0,1.4810000658035278
353.0,86.0,3.455000162124634,351.0,79.0,3.436000108718872,351.0,79.0,3.436000108718872,351.0,79.0,3.436000108718872,348.0,79.0,3.4740002155303955,346.0,79.0,3.4740002155303955,343.0,79.0,3.455000162124634,343.0,83.0,3.436000108718872,331.0,82.0,3.2900002002716064,351.0,94.0,3.514000177383423,348.0,94.0,3.55400013923645,343.0,134.0,2.9900002479553223,307.0,125.0,3.2060000896453857,334.0,194.0,2.5910000801086426,296.0,188.0,2.6810002326965328,340.0,243.0,2.6580002307891846,300.0,250.0,2.448000192642212,343.0,259.0,2.7160000801086426,298.0,268.0,2.961000204086304,343.0,258.0,2.7040002346038814,305.0,266.0,2.468000173568725,341.0,253.0,2.6580002307891846,307.0,262.0,2.439000129699707,348.0,256.0,2.7890000343322754,321.0,256.0,2.468000173568725,344.0,332.0,3.2060000896453857,315.0,339.0,2.866000175476074,341.0,420.0,1.9140000343322756,302.0,438.0,1.6850000619888303,332.0,433.0,1.7570000886917114,296.0,450.0,1.5950000286102295,376.0,437.0,1.7570000886917114,323.0,464.0,1.499000072479248
355.0,86.0,3.4940001964569087,352.0,79.0,3.455000162124634,352.0,79.0,3.455000162124634,352.0,79.0,3.455000162124634,350.0,79.0,3.436000108718872,348.0,79.0,3.436000108718872,346.0,79.0,3.4170000553131104,343.0,83.0,3.3800001144409175,333.0,82.0,3.326000213623047,353.0,94.0,3.344000101089477,350.0,94.0,3.2900002002716064,342.0,133.0,2.906000137329101,309.0,125.0,3.0790002346038814,331.0,194.0,2.5910000801086426,297.0,188.0,2.5590000152587886,338.0,242.0,2.6020002365112305,305.0,247.0,2.42900013923645,343.0,259.0,2.6920001506805415,303.0,264.0,2.5280001163482666,344.0,258.0,2.7040002346038814,309.0,263.0,2.448000192642212,339.0,252.0,2.6580002307891846,311.0,258.0,2.42900013923645,346.0,255.0,2.7400002479553223,322.0,254.0,2.448000192642212,343.0,331.0,3.3080000877380367,319.0,336.0,2.827000141143799,340.0,421.0,1.8790000677108765,304.0,436.0,1.742000102996826,330.0,434.0,1.7620000839233398,298.0,448.0,1.5950000286102295,376.0,437.0,1.7670000791549683,328.0,462.0,1.499000072479248
355.0,87.0,3.5340001583099365,352.0,79.0,3.3800001144409175,352.0,79.0,3.3800001144409175,352.0,79.0,3.3800001144409175,350.0,79.0,3.3800001144409175,348.0,79.0,3.398000240325928,346.0,79.0,3.436000108718872,344.0,83.0,3.4170000553131104,334.0,82.0,3.7020001411437993,353.0,94.0,3.4940001964569087,350.0,94.0,3.514000177383423,341.0,133.0,2.827000141143799,310.0,124.0,3.0340001583099365,331.0,193.0,2.5590000152587886,297.0,186.0,2.6580002307891846,337.0,242.0,2.624000072479248,307.0,244.0,2.42900013923645,341.0,259.0,2.6810002326965328,306.0,261.0,2.498000144958496,341.0,258.0,2.6690001487731934,313.0,259.0,2.439000129699707,338.0,253.0,2.6460001468658447,314.0,255.0,2.4200000762939453,345.0,254.0,2.7160000801086426,322.0,252.0,2.439000129699707,343.0,330.0,3.110000133514404,319.0,336.0,2.879000186920166,341.0,421.0,1.8850001096725464,303.0,437.0,1.6850000619888303,330.0,434.0,1.718000054359436,298.0,449.0,1.6030000448226929,377.0,436.0,1.7280000448226929,326.0,463.0,1.50600004196167
355.0,87.0,3.398000240325928,353.0,79.0,3.2560000419616695,353.0,79.0,3.2560000419616695,352.0,79.0,3.239000082015991,351.0,79.0,3.239000082015991,349.0,79.0,3.2060000896453857,347.0,79.0,3.189000129699707,344.0,83.0,3.2060000896453857,334.0,82.0,3.1410000324249268,353.0,94.0,3.344000101089477,351.0,94.0,3.326000213623047,341.0,133.0,2.814000129699707,311.0,124.0,2.9900002479553223,330.0,192.0,2.570000171661377,297.0,186.0,2.6130001544952393,336.0,242.0,2.549000024795532,310.0,242.0,2.4100000858306885,341.0,259.0,2.6690001487731934,310.0,257.0,2.4780001640319824,343.0,258.0,2.7040002346038814,317.0,256.0,2.439000129699707,340.0,252.0,2.6580002307891846,318.0,252.0,2.4200000762939453,345.0,253.0,2.7040002346038814,322.0,252.0,2.4200000762939453,343.0,330.0,3.125000238418579,317.0,337.0,2.8530001640319824,343.0,419.0,1.8850001096725464,301.0,438.0,1.7280000448226929,334.0,432.0,1.7820000648498535,296.0,449.0,1.599000096321106,378.0,436.0,1.7130000591278076,326.0,463.0,1.5210000276565552
356.0,87.0,3.4940001964569087,353.0,79.0,3.398000240325928,353.0,79.0,3.398000240325928,353.0,79.0,3.398000240325928,351.0,79.0,3.344000101089477,349.0,79.0,3.2900002002716064,347.0,79.0,3.2900002002716064,344.0,83.0,3.3620002269744877,334.0,82.0,3.344000101089477,353.0,94.0,3.4170000553131104,351.0,94.0,3.398000240325928,341.0,133.0,2.84000015258789,311.0,124.0,2.9900002479553223,330.0,192.0,2.549000024795532,298.0,185.0,2.6130001544952393,336.0,242.0,2.5590000152587886,313.0,241.0,2.4010000228881836,341.0,258.0,2.5180001258850098,315.0,257.0,2.448000192642212,345.0,257.0,2.7160000801086426,322.0,255.0,2.4200000762939453,346.0,249.0,2.764000177383423,323.0,251.0,2.4010000228881836,345.0,253.0,2.7400002479553223,322.0,252.0,2.4010000228881836,343.0,330.0,3.3080000877380367,316.0,339.0,2.8930001258850098,343.0,419.0,1.856000065803528,301.0,438.0,1.6950000524520874,334.0,430.0,1.777000069618225,296.0,449.0,1.6110000610351562,378.0,436.0,1.7570000886917114,325.0,464.0,1.4770001173019407
356.0,87.0,3.436000108718872,353.0,79.0,3.3800001144409175,353.0,79.0,3.3800001144409175,353.0,79.0,3.3800001144409175,351.0,79.0,3.3620002269744877,350.0,79.0,3.3620002269744877,347.0,79.0,3.344000101089477,344.0,83.0,3.2900002002716064,334.0,82.0,3.2220001220703125,354.0,95.0,3.455000162124634,351.0,94.0,3.455000162124634,340.0,133.0,2.7760000228881836,312.0,124.0,2.9200000762939453,330.0,191.0,2.570000171661377,298.0,185.0,2.5910000801086426,336.0,242.0,2.508000135421753,318.0,241.0,2.4010000228881836,342.0,258.0,2.4780001640319824,320.0,257.0,2.4780001640319824,343.0,257.0,2.468000173568725,329.0,255.0,2.42900013923645,346.0,249.0,2.6810002326965328,329.0,251.0,2.392000198364258,344.0,253.0,2.508000135421753,322.0,252.0,2.42900013923645,343.0,330.0,3.1410000324249268,315.0,339.0,2.8530001640319824,343.0,418.0,1.9080001115798952,301.0,438.0,1.6990001201629639,335.0,430.0,1.8180000782012935,295.0,450.0,1.5950000286102295,378.0,436.0,1.6850000619888303,325.0,464.0,1.502000093460083
356.0,87.0,3.4170000553131104,353.0,79.0,3.574000120162964,353.0,80.0,3.574000120162964,353.0,80.0,3.574000120162964,352.0,79.0,3.55400013923645,350.0,79.0,3.514000177383423,348.0,79.0,3.4740002155303955,344.0,83.0,3.4740002155303955,335.0,82.0,3.514000177383423,353.0,95.0,3.3080000877380367,351.0,94.0,3.326000213623047,339.0,132.0,2.7040002346038814,313.0,124.0,2.84000015258789,331.0,192.0,2.580000162124634,300.0,187.0,2.5380001068115234,343.0,243.0,2.549000024795532,324.0,242.0,2.383000135421753,355.0,261.0,3.17300009727478,327.0,257.0,2.468000173568725,358.0,257.0,3.2060000896453857,335.0,255.0,2.4580001831054688,354.0,249.0,3.004000186920166,335.0,250.0,2.392000198364258,345.0,253.0,2.439000129699707,322.0,252.0,2.448000192642212,343.0,331.0,3.2060000896453857,315.0,340.0,2.9330000877380367,343.0,418.0,1.8790000677108765,300.0,439.0,1.7040001153945923,335.0,430.0,1.8350000381469729,295.0,450.0,1.599000096321106,378.0,436.0,1.752000093460083,324.0,464.0,1.4810000658035278
347.0,85.0,3.3800001144409175,345.0,78.0,3.4740002155303955,346.0,78.0,3.455000162124634,346.0,78.0,3.455000162124634,342.0,77.0,3.4740002155303955,339.0,77.0,3.4740002155303955,337.0,77.0,3.4740002155303955,340.0,82.0,3.398000240325928,326.0,81.0,3.239000082015991,347.0,93.0,3.344000101089477,342.0,92.0,3.2900002002716064,342.0,135.0,3.094000101089477,303.0,126.0,3.1410000324249268,336.0,196.0,2.752000093460083,292.0,188.0,2.8010001182556152,351.0,249.0,2.9900002479553223,287.0,250.0,2.5910000801086426,357.0,265.0,3.17300009727478,284.0,268.0,3.2560000419616695,355.0,264.0,3.1410000324249268,289.0,268.0,3.0490002632141118,351.0,258.0,3.004000186920166,292.0,263.0,2.7160000801086426,345.0,257.0,2.764000177383423,314.0,255.0,2.4880001544952393,342.0,334.0,3.3080000877380367,311.0,341.0,2.764000177383423,341.0,421.0,1.8510000705718996,298.0,439.0,1.7130000591278076,332.0,433.0,1.7620000839233398,294.0,449.0,1.599000096321106,376.0,437.0,1.752000093460083,319.0,464.0,1.4880000352859497
356.0,87.0,3.398000240325928,353.0,79.0,3.3800001144409175,353.0,80.0,3.398000240325928,353.0,80.0,3.398000240325928,352.0,79.0,3.3800001144409175,350.0,79.0,3.3800001144409175,348.0,79.0,3.3800001144409175,344.0,83.0,3.3800001144409175,335.0,82.0,3.4170000553131104,354.0,95.0,3.326000213623047,351.0,94.0,3.326000213623047,339.0,132.0,2.7040002346038814,313.0,124.0,2.866000175476074,327.0,194.0,2.549000024795532,301.0,188.0,2.5180001258850098,356.0,242.0,2.9900002479553223,327.0,240.0,2.374000072479248,360.0,263.0,3.436000108718872,330.0,254.0,2.4880001544952393,362.0,258.0,3.3620002269744877,339.0,252.0,2.4580001831054688,360.0,251.0,3.189000129699707,339.0,248.0,2.392000198364258,346.0,253.0,2.4880001544952393,323.0,252.0,2.468000173568725,344.0,331.0,3.0190000534057617,315.0,340.0,2.7890000343322754,343.0,418.0,1.8900001049041748,300.0,439.0,1.6540000438690183,335.0,430.0,1.8080000877380369,295.0,450.0,1.5950000286102295,378.0,436.0,1.7320001125335691,324.0,464.0,1.5130001306533811
356.0,87.0,3.4170000553131104,353.0,79.0,3.2900002002716064,353.0,80.0,3.2900002002716064,353.0,80.0,3.2900002002716064,352.0,79.0,3.2900002002716064,350.0,79.0,3.3080000877380367,348.0,79.0,3.344000101089477,344.0,83.0,3.3080000877380367,335.0,83.0,3.398000240325928,353.0,95.0,3.326000213623047,352.0,94.0,3.344000101089477,337.0,131.0,2.7040002346038814,313.0,124.0,2.866000175476074,323.0,195.0,2.5590000152587886,302.0,188.0,2.439000129699707,357.0,244.0,2.6690001487731934,331.0,238.0,2.374000072479248,361.0,263.0,3.326000213623047,335.0,252.0,2.5180001258850098,363.0,258.0,3.273000240325928,344.0,249.0,2.4780001640319824,360.0,251.0,3.004000186920166,344.0,245.0,2.4010000228881836,346.0,253.0,2.6020002365112305,323.0,253.0,2.468000173568725,344.0,330.0,3.2900002002716064,315.0,340.0,2.814000129699707,342.0,418.0,1.8790000677108765,300.0,439.0,1.7090001106262207,335.0,430.0,1.7670000791549683,294.0,450.0,1.5950000286102295,378.0,436.0,1.7570000886917114,324.0,465.0,1.4950001239776611
356.0,87.0,3.398000240325928,353.0,80.0,3.273000240325928,353.0,80.0,3.273000240325928,352.0,80.0,3.273000240325928,352.0,79.0,3.273000240325928,350.0,79.0,3.2900002002716064,348.0,79.0,3.3080000877380367,343.0,83.0,3.273000240325928,335.0,83.0,3.398000240325928,353.0,95.0,3.3800001144409175,351.0,94.0,3.344000101089477,337.0,131.0,2.6690001487731934,314.0,124.0,2.827000141143799,324.0,195.0,2.5180001258850098,304.0,187.0,2.4780001640319824,359.0,241.0,2.4780001640319824,336.0,235.0,2.365000009536743,365.0,259.0,3.344000101089477,341.0,248.0,2.5280001163482666,366.0,255.0,3.3800001144409175,348.0,245.0,2.448000192642212,364.0,249.0,3.273000240325928,348.0,242.0,2.392000198364258,346.0,253.0,2.6580002307891846,323.0,253.0,2.468000173568725,344.0,331.0,3.2060000896453857,316.0,340.0,2.866000175476074,342.0,419.0,1.9020000696182249,300.0,439.0,1.6990001201629639,335.0,430.0,1.787000060081482,294.0,450.0,1.586000084877014,377.0,436.0,1.7040001153945923,324.0,465.0,1.4840000867843628
356.0,87.0,3.436000108718872,353.0,80.0,3.4740002155303955,353.0,80.0,3.4740002155303955,352.0,80.0,3.4740002155303955,351.0,79.0,3.455000162124634,349.0,79.0,3.455000162124634,347.0,79.0,3.436000108718872,343.0,84.0,3.4170000553131104,334.0,83.0,3.4940001964569087,353.0,95.0,3.3800001144409175,351.0,94.0,3.3800001144409175,337.0,131.0,2.6690001487731934,314.0,124.0,2.827000141143799,329.0,196.0,2.5280001163482666,305.0,187.0,2.4780001640319824,367.0,240.0,2.9200000762939453,341.0,233.0,2.365000009536743,375.0,255.0,3.273000240325928,346.0,246.0,2.5590000152587886,376.0,251.0,3.2560000419616695,354.0,243.0,2.4880001544952393,372.0,246.0,3.2900002002716064,353.0,240.0,2.4010000228881836,346.0,253.0,2.6810002326965328,323.0,253.0,2.4780001640319824,344.0,330.0,3.239000082015991,316.0,340.0,2.866000175476074,342.0,418.0,1.9080001115798952,300.0,439.0,1.6990001201629639,335.0,430.0,1.7670000791549683,295.0,450.0,1.5910000801086424,377.0,436.0,1.7320001125335691,324.0,464.0,1.499000072479248
355.0,87.0,3.1410000324249268,353.0,80.0,3.326000213623047,352.0,80.0,3.326000213623047,352.0,80.0,3.326000213623047,351.0,79.0,3.344000101089477,349.0,79.0,3.326000213623047,347.0,79.0,3.326000213623047,343.0,84.0,3.2900002002716064,334.0,83.0,3.436000108718872,353.0,95.0,3.2900002002716064,351.0,94.0,3.239000082015991,337.0,132.0,2.6810002326965328,314.0,124.0,2.827000141143799,330.0,196.0,2.5910000801086426,306.0,186.0,2.468000173568725,368.0,236.0,2.508000135421753,348.0,230.0,2.392000198364258,381.0,249.0,3.2900002002716064,356.0,242.0,2.549000024795532,383.0,245.0,3.2560000419616695,361.0,239.0,2.439000129699707,377.0,242.0,3.273000240325928,360.0,236.0,2.374000072479248,346.0,253.0,2.7040002346038814,323.0,253.0,2.4780001640319824,344.0,331.0,3.189000129699707,317.0,340.0,2.906000137329101,342.0,419.0,1.8960001468658447,300.0,439.0,1.6950000524520874,335.0,430.0,1.8130000829696653,295.0,450.0,1.586000084877014,377.0,436.0,1.752000093460083,324.0,464.0,1.4910000562667847
355.0,87.0,3.3800001144409175,352.0,80.0,3.3620002269744877,352.0,80.0,3.3620002269744877,352.0,80.0,3.3620002269744877,350.0,80.0,3.344000101089477,348.0,79.0,3.326000213623047,346.0,79.0,3.326000213623047,343.0,84.0,3.398000240325928,334.0,83.0,3.4740002155303955,353.0,95.0,3.326000213623047,351.0,95.0,3.344000101089477,339.0,132.0,2.7400002479553223,314.0,124.0,2.84000015258789,332.0,195.0,2.6020002365112305,307.0,182.0,2.468000173568725,370.0,231.0,2.6130001544952393,351.0,224.0,2.4010000228881836,382.0,243.0,3.3080000877380367,357.0,233.0,2.439000129699707,384.0,238.0,3.3080000877380367,362.0,231.0,2.4100000858306885,379.0,234.0,3.2560000419616695,361.0,228.0,2.365000009536743,346.0,253.0,2.7280001640319824,324.0,252.0,2.4580001831054688,344.0,331.0,3.2900002002716064,317.0,340.0,2.8930001258850098,341.0,419.0,1.8510000705718996,300.0,439.0,1.6720000505447388,334.0,430.0,1.7370001077651975,295.0,450.0,1.6110000610351562,377.0,436.0,1.752000093460083,324.0,464.0,1.4840000867843628
355.0,87.0,3.344000101089477,352.0,80.0,3.326000213623047,352.0,80.0,3.326000213623047,351.0,80.0,3.326000213623047,350.0,80.0,3.344000101089477,348.0,79.0,3.344000101089477,346.0,79.0,3.3620002269744877,343.0,84.0,3.4170000553131104,334.0,83.0,3.4940001964569087,352.0,95.0,3.4170000553131104,350.0,95.0,3.436000108718872,339.0,132.0,2.752000093460083,314.0,123.0,2.84000015258789,331.0,194.0,2.5590000152587886,307.0,181.0,2.448000192642212,365.0,231.0,2.7760000228881836,351.0,219.0,2.4200000762939453,374.0,242.0,3.398000240325928,358.0,228.0,2.4580001831054688,376.0,237.0,3.344000101089477,362.0,225.0,2.4100000858306885,375.0,232.0,3.157000064849853,362.0,223.0,2.383000135421753,346.0,253.0,2.7280001640319824,324.0,252.0,2.4880001544952393,343.0,331.0,3.0340001583099365,317.0,340.0,2.879000186920166,341.0,419.0,1.9250000715255735,300.0,439.0,1.6850000619888303,334.0,430.0,1.829000115394592,295.0,450.0,1.5820000171661377,377.0,436.0,1.7320001125335691,324.0,464.0,1.4950001239776611
355.0,87.0,3.398000240325928,352.0,80.0,3.3080000877380367,352.0,80.0,3.3080000877380367,351.0,80.0,3.326000213623047,350.0,80.0,3.326000213623047,348.0,80.0,3.3620002269744877,346.0,80.0,3.3800001144409175,343.0,84.0,3.4170000553131104,334.0,83.0,3.326000213623047,352.0,95.0,3.398000240325928,350.0,95.0,3.3800001144409175,339.0,132.0,2.752000093460083,314.0,123.0,2.827000141143799,329.0,192.0,2.580000162124634,307.0,180.0,2.448000192642212,362.0,220.0,2.4100000858306885,353.0,213.0,2.4200000762939453,371.0,232.0,3.110000133514404,360.0,223.0,2.468000173568725,373.0,228.0,3.17300009727478,365.0,219.0,2.4010000228881836,372.0,222.0,2.6580002307891846,363.0,217.0,2.383000135421753,346.0,253.0,2.6810002326965328,324.0,252.0,2.4780001640319824,343.0,331.0,3.1410000324249268,318.0,340.0,2.8930001258850098,342.0,419.0,1.9190001487731931,300.0,439.0,1.718000054359436,334.0,430.0,1.7620000839233398,295.0,450.0,1.599000096321106,377.0,436.0,1.6990001201629639,324.0,464.0,1.5170000791549683
355.0,87.0,3.4170000553131104,352.0,80.0,3.3620002269744877,352.0,80.0,3.3620002269744877,351.0,80.0,3.3620002269744877,350.0,80.0,3.3620002269744877,348.0,80.0,3.344000101089477,346.0,80.0,3.344000101089477,343.0,84.0,3.3800001144409175,334.0,83.0,3.2900002002716064,352.0,95.0,3.273000240325928,350.0,95.0,3.273000240325928,339.0,132.0,2.7760000228881836,314.0,123.0,2.8530001640319824,329.0,190.0,2.5180001258850098,308.0,179.0,2.4580001831054688,362.0,208.0,2.383000135421753,360.0,205.0,2.5380001068115234,368.0,221.0,3.189000129699707,368.0,214.0,2.5280001163482666,370.0,216.0,2.8010001182556152,372.0,210.0,2.4200000762939453,369.0,212.0,2.42900013923645,371.0,207.0,2.392000198364258,347.0,253.0,2.764000177383423,324.0,252.0,2.498000144958496,343.0,332.0,3.344000101089477,317.0,341.0,2.879000186920166,341.0,419.0,1.8510000705718996,300.0,439.0,1.6810001134872437,334.0,430.0,1.7920000553131104,295.0,450.0,1.599000096321106,377.0,436.0,1.7570000886917114,324.0,464.0,1.4810000658035278
354.0,87.0,3.3800001144409175,351.0,80.0,3.3080000877380367,351.0,80.0,3.3080000877380367,351.0,80.0,3.3080000877380367,349.0,80.0,3.326000213623047,347.0,80.0,3.3620002269744877,345.0,80.0,3.398000240325928,343.0,84.0,3.344000101089477,334.0,83.0,3.3620002269744877,352.0,95.0,3.344000101089477,350.0,94.0,3.3080000877380367,340.0,132.0,2.814000129699707,314.0,123.0,2.814000129699707,334.0,190.0,2.549000024795532,310.0,178.0,2.42900013923645,365.0,204.0,2.3289999961853027,359.0,199.0,2.468000173568725,372.0,215.0,3.0790002346038814,368.0,206.0,2.4010000228881836,377.0,208.0,2.6810002326965328,372.0,201.0,2.3560001850128174,372.0,204.0,2.4010000228881836,371.0,199.0,2.365000009536743,347.0,251.0,2.7400002479553223,324.0,251.0,2.4580001831054688,343.0,332.0,3.2220001220703125,318.0,341.0,2.906000137329101,340.0,419.0,1.9020000696182249,300.0,439.0,1.7090001106262207,333.0,431.0,1.8080000877380369,295.0,450.0,1.599000096321106,377.0,436.0,1.7040001153945923,324.0,464.0,1.5210000276565552
347.0,85.0,3.3080000877380367,345.0,78.0,3.3620002269744877,346.0,78.0,3.3620002269744877,346.0,78.0,3.3620002269744877,342.0,78.0,3.3620002269744877,340.0,77.0,3.326000213623047,337.0,77.0,3.3080000877380367,340.0,82.0,3.3800001144409175,326.0,81.0,3.273000240325928,346.0,93.0,3.273000240325928,342.0,92.0,3.2560000419616695,342.0,135.0,3.3800001144409175,303.0,126.0,3.189000129699707,336.0,195.0,2.6580002307891846,292.0,188.0,2.8010001182556152,349.0,247.0,2.906000137329101,288.0,250.0,2.549000024795532,355.0,262.0,3.157000064849853,285.0,268.0,3.1410000324249268,353.0,261.0,3.125000238418579,289.0,267.0,2.9760000705718994,349.0,255.0,2.879000186920166,293.0,262.0,2.6460001468658447,346.0,256.0,2.8010001182556152,315.0,255.0,2.498000144958496,343.0,334.0,3.273000240325928,311.0,341.0,2.7040002346038814,341.0,421.0,1.8960001468658447,298.0,439.0,1.6900000572204588,332.0,433.0,1.742000102996826,294.0,449.0,1.599000096321106,376.0,437.0,1.8080000877380369,320.0,464.0,1.5170000791549683
354.0,87.0,3.344000101089477,350.0,80.0,3.514000177383423,350.0,80.0,3.514000177383423,350.0,80.0,3.514000177383423,348.0,80.0,3.514000177383423,346.0,80.0,3.55400013923645,344.0,80.0,3.574000120162964,343.0,84.0,3.4940001964569087,333.0,83.0,3.514000177383423,352.0,95.0,3.3620002269744877,349.0,95.0,3.3620002269744877,339.0,132.0,2.7760000228881836,314.0,123.0,2.814000129699707,334.0,185.0,2.5910000801086426,311.0,177.0,2.439000129699707,366.0,197.0,2.365000009536743,362.0,193.0,2.6690001487731934,378.0,206.0,3.2560000419616695,371.0,198.0,2.374000072479248,380.0,200.0,2.7890000343322754,375.0,193.0,2.392000198364258,374.0,199.0,2.4580001831054688,372.0,191.0,2.4880001544952393,347.0,251.0,2.752000093460083,325.0,251.0,2.5180001258850098,343.0,331.0,3.2060000896453857,318.0,340.0,2.8930001258850098,340.0,419.0,1.9080001115798952,300.0,439.0,1.7130000591278076,333.0,431.0,1.7670000791549683,295.0,450.0,1.6110000610351562,376.0,436.0,1.6760001182556152,324.0,464.0,1.4810000658035278
353.0,87.0,3.4170000553131104,350.0,80.0,3.398000240325928,350.0,80.0,3.398000240325928,350.0,80.0,3.398000240325928,348.0,80.0,3.398000240325928,346.0,80.0,3.398000240325928,344.0,79.0,3.3800001144409175,342.0,84.0,3.4170000553131104,333.0,84.0,3.5340001583099365,351.0,95.0,3.273000240325928,349.0,94.0,3.239000082015991,339.0,132.0,2.7890000343322754,314.0,123.0,2.8010001182556152,337.0,186.0,2.570000171661377,312.0,176.0,2.4100000858306885,368.0,188.0,2.4010000228881836,366.0,182.0,3.17300009727478,382.0,190.0,2.8530001640319824,375.0,185.0,2.392000198364258,382.0,186.0,2.624000072479248,376.0,178.0,2.8530001640319824,378.0,184.0,2.4580001831054688,374.0,177.0,3.004000186920166,348.0,251.0,2.764000177383423,325.0,252.0,2.4780001640319824,343.0,331.0,3.239000082015991,318.0,340.0,2.9200000762939453,340.0,419.0,1.931000113487244,300.0,438.0,1.6760001182556152,333.0,431.0,1.7720000743865967,295.0,449.0,1.6030000448226929,376.0,437.0,1.7820000648498535,324.0,464.0,1.5130001306533811
353.0,87.0,3.3620002269744877,349.0,80.0,3.4940001964569087,349.0,80.0,3.4940001964569087,349.0,81.0,3.4740002155303955,347.0,80.0,3.4940001964569087,346.0,80.0,3.514000177383423,344.0,80.0,3.514000177383423,341.0,84.0,3.436000108718872,333.0,84.0,3.3620002269744877,351.0,95.0,3.273000240325928,349.0,95.0,3.2560000419616695,339.0,132.0,2.7760000228881836,315.0,123.0,2.827000141143799,338.0,187.0,2.5380001068115234,316.0,176.0,2.468000173568725,368.0,187.0,2.338000059127808,369.0,177.0,2.9760000705718994,382.0,190.0,2.947000026702881,379.0,178.0,2.4200000762939453,381.0,186.0,2.6460001468658447,381.0,172.0,2.84000015258789,373.0,183.0,2.3470001220703125,377.0,171.0,3.125000238418579,348.0,252.0,2.827000141143799,325.0,252.0,2.498000144958496,342.0,332.0,3.2220001220703125,318.0,340.0,2.9200000762939453,340.0,419.0,1.8960001468658447,300.0,438.0,1.7370001077651975,333.0,431.0,1.7570000886917114,295.0,449.0,1.5950000286102295,377.0,437.0,1.7090001106262207,324.0,463.0,1.5170000791549683
352.0,88.0,3.344000101089477,349.0,81.0,3.4170000553131104,349.0,81.0,3.4170000553131104,348.0,81.0,3.4170000553131104,347.0,81.0,3.436000108718872,345.0,80.0,3.455000162124634,343.0,80.0,3.436000108718872,341.0,85.0,3.3800001144409175,332.0,84.0,3.3080000877380367,350.0,96.0,3.3080000877380367,348.0,96.0,3.273000240325928,337.0,131.0,2.7280001640319824,315.0,123.0,2.8010001182556152,337.0,188.0,2.4880001544952393,318.0,175.0,2.498000144958496,362.0,187.0,2.3470001220703125,371.0,171.0,2.9330000877380367,381.0,185.0,2.9330000877380367,382.0,171.0,2.6460001468658447,378.0,182.0,2.5380001068115234,383.0,166.0,3.094000101089477,370.0,182.0,2.383000135421753,379.0,166.0,3.094000101089477,347.0,252.0,2.7760000228881836,324.0,252.0,2.498000144958496,342.0,332.0,3.326000213623047,318.0,340.0,2.9200000762939453,340.0,419.0,1.8960001468658447,300.0,438.0,1.6670000553131104,332.0,431.0,1.8080000877380369,295.0,449.0,1.5780000686645508,376.0,437.0,1.7670000791549683,324.0,463.0,1.4880000352859497
352.0,88.0,3.4740002155303955,349.0,81.0,3.4170000553131104,348.0,81.0,3.398000240325928,348.0,81.0,3.398000240325928,346.0,81.0,3.398000240325928,345.0,80.0,3.3800001144409175,342.0,80.0,3.3800001144409175,341.0,85.0,3.326000213623047,331.0,84.0,3.273000240325928,350.0,96.0,3.4740002155303955,347.0,96.0,3.4740002155303955,337.0,131.0,2.7280001640319824,314.0,123.0,2.827000141143799,338.0,190.0,2.5280001163482666,319.0,174.0,2.508000135421753,362.0,181.0,2.374000072479248,371.0,167.0,2.6460001468658447,374.0,186.0,2.6020002365112305,382.0,165.0,2.570000171661377,379.0,171.0,2.4200000762939453,383.0,161.0,2.9330000877380367,372.0,173.0,2.365000009536743,379.0,161.0,2.866000175476074,347.0,252.0,2.7760000228881836,324.0,252.0,2.448000192642212,342.0,333.0,3.2900002002716064,317.0,341.0,2.947000026702881,340.0,420.0,1.868000030517578,300.0,439.0,1.6950000524520874,333.0,432.0,1.7820000648498535,295.0,449.0,1.6110000610351562,377.0,437.0,1.7970000505447388,324.0,464.0,1.50600004196167
351.0,88.0,3.3080000877380367,348.0,81.0,3.4740002155303955,348.0,81.0,3.4740002155303955,348.0,81.0,3.4740002155303955,346.0,81.0,3.4940001964569087,344.0,80.0,3.5340001583099365,342.0,80.0,3.5340001583099365,340.0,85.0,3.4170000553131104,331.0,84.0,3.326000213623047,349.0,96.0,3.2560000419616695,347.0,95.0,3.2220001220703125,336.0,131.0,2.7160000801086426,314.0,123.0,2.827000141143799,337.0,190.0,2.508000135421753,324.0,174.0,2.5180001258850098,364.0,200.0,3.189000129699707,371.0,163.0,2.7040002346038814,374.0,191.0,3.157000064849853,383.0,160.0,3.189000129699707,377.0,198.0,3.2220001220703125,384.0,156.0,3.326000213623047,367.0,198.0,3.0790002346038814,381.0,157.0,3.157000064849853,347.0,252.0,2.7890000343322754,323.0,252.0,2.4780001640319824,342.0,334.0,3.2220001220703125,318.0,341.0,2.9900002479553223,340.0,420.0,1.9020000696182249,300.0,439.0,1.6900000572204588,333.0,432.0,1.8130000829696653,294.0,450.0,1.5910000801086424,377.0,437.0,1.7230000495910645,325.0,464.0,1.5170000791549683
351.0,88.0,3.273000240325928,348.0,81.0,3.398000240325928,348.0,81.0,3.398000240325928,347.0,81.0,3.3800001144409175,346.0,80.0,3.398000240325928,344.0,80.0,3.3800001144409175,342.0,80.0,3.3800001144409175,340.0,84.0,3.3080000877380367,331.0,84.0,3.3800001144409175,349.0,95.0,3.3620002269744877,347.0,95.0,3.3800001144409175,335.0,130.0,2.7160000801086426,314.0,123.0,2.814000129699707,335.0,190.0,2.549000024795532,324.0,172.0,2.498000144958496,359.0,211.0,3.3800001144409175,373.0,159.0,2.6020002365112305,367.0,218.0,3.239000082015991,386.0,155.0,3.2900002002716064,368.0,216.0,3.239000082015991,387.0,151.0,3.2060000896453857,363.0,213.0,3.3080000877380367,383.0,152.0,3.125000238418579,347.0,252.0,2.764000177383423,323.0,252.0,2.4880001544952393,342.0,335.0,3.2060000896453857,318.0,341.0,2.866000175476074,340.0,420.0,1.868000030517578,300.0,439.0,1.6950000524520874,333.0,432.0,1.7370001077651975,295.0,449.0,1.586000084877014,377.0,437.0,1.718000054359436,325.0,464.0,1.5360000133514404
351.0,87.0,3.3080000877380367,348.0,80.0,3.3080000877380367,348.0,81.0,3.326000213623047,347.0,81.0,3.3080000877380367,346.0,80.0,3.2900002002716064,344.0,80.0,3.273000240325928,342.0,80.0,3.273000240325928,340.0,84.0,3.2900002002716064,331.0,84.0,3.273000240325928,349.0,95.0,3.3620002269744877,347.0,95.0,3.3620002269744877,336.0,130.0,2.7280001640319824,313.0,123.0,2.814000129699707,334.0,192.0,2.570000171661377,324.0,171.0,2.498000144958496,356.0,217.0,3.2060000896453857,375.0,154.0,2.570000171661377,365.0,225.0,3.125000238418579,387.0,149.0,3.514000177383423,365.0,223.0,3.157000064849853,387.0,146.0,3.55400013923645,360.0,220.0,3.17300009727478,384.0,146.0,3.5950002670288086,347.0,252.0,2.764000177383423,322.0,253.0,2.4880001544952393,342.0,335.0,3.2900002002716064,317.0,342.0,2.8530001640319824,341.0,420.0,1.868000030517578,300.0,438.0,1.7130000591278076,333.0,432.0,1.7920000553131104,295.0,449.0,1.6070001125335691,377.0,438.0,1.7570000886917114,324.0,464.0,1.502000093460083
351.0,87.0,3.239000082015991,348.0,80.0,3.2900002002716064,347.0,80.0,3.2900002002716064,347.0,80.0,3.2900002002716064,345.0,80.0,3.2900002002716064,344.0,80.0,3.2900002002716064,342.0,80.0,3.2900002002716064,340.0,84.0,3.2560000419616695,331.0,84.0,3.17300009727478,349.0,95.0,3.398000240325928,347.0,94.0,3.3800001144409175,336.0,130.0,2.7280001640319824,313.0,123.0,2.827000141143799,333.0,191.0,2.570000171661377,323.0,171.0,2.5280001163482666,356.0,215.0,3.344000101089477,375.0,151.0,2.6920001506805415,365.0,222.0,3.326000213623047,387.0,146.0,3.3080000877380367,365.0,219.0,3.3080000877380367,387.0,143.0,3.4170000553131104,361.0,217.0,3.3080000877380367,384.0,144.0,3.3620002269744877,347.0,252.0,2.7760000228881836,321.0,253.0,2.4880001544952393,342.0,336.0,3.094000101089477,316.0,342.0,2.9200000762939453,341.0,421.0,1.8900001049041748,300.0,438.0,1.6950000524520874,333.0,432.0,1.777000069618225,295.0,448.0,1.6200001239776611,377.0,438.0,1.7090001106262207,324.0,464.0,1.4950001239776611
351.0,86.0,3.5340001583099365,348.0,80.0,3.4170000553131104,347.0,80.0,3.398000240325928,347.0,80.0,3.398000240325928,345.0,80.0,3.398000240325928,344.0,80.0,3.398000240325928,342.0,80.0,3.3620002269744877,340.0,83.0,3.344000101089477,331.0,84.0,3.2560000419616695,349.0,94.0,3.455000162124634,347.0,94.0,3.436000108718872,335.0,129.0,2.7040002346038814,313.0,123.0,2.814000129699707,326.0,191.0,2.5280001163482666,322.0,170.0,2.4880001544952393,354.0,221.0,3.4940001964569087,374.0,149.0,2.7400002479553223,364.0,230.0,3.064000129699707,387.0,144.0,3.326000213623047,365.0,229.0,3.125000238418579,387.0,140.0,3.326000213623047,360.0,225.0,3.273000240325928,383.0,141.0,3.239000082015991,346.0,252.0,2.7400002479553223,322.0,253.0,2.4880001544952393,342.0,336.0,3.273000240325928,316.0,342.0,2.879000186920166,341.0,420.0,1.8620001077651975,300.0,439.0,1.6540000438690183,333.0,432.0,1.7570000886917114,295.0,448.0,1.599000096321106,377.0,438.0,1.7370001077651975,324.0,464.0,1.5170000791549683
348.0,86.0,3.4940001964569087,345.0,79.0,3.3620002269744877,346.0,79.0,3.3620002269744877,346.0,79.0,3.3620002269744877,342.0,78.0,3.344000101089477,340.0,78.0,3.344000101089477,337.0,78.0,3.344000101089477,340.0,82.0,3.3800001144409175,327.0,81.0,3.3800001144409175,346.0,93.0,3.514000177383423,343.0,93.0,3.436000108718872,341.0,134.0,3.110000133514404,303.0,126.0,3.17300009727478,334.0,194.0,2.6130001544952393,293.0,190.0,2.8010001182556152,343.0,244.0,2.7040002346038814,290.0,250.0,2.498000144958496,351.0,261.0,3.0790002346038814,286.0,268.0,3.2060000896453857,347.0,260.0,2.8530001640319824,291.0,267.0,3.004000186920166,344.0,254.0,2.7040002346038814,295.0,262.0,2.570000171661377,346.0,256.0,2.764000177383423,316.0,255.0,2.4780001640319824,344.0,334.0,3.2060000896453857,310.0,341.0,2.7400002479553223,341.0,421.0,1.856000065803528,299.0,439.0,1.6990001201629639,332.0,433.0,1.718000054359436,294.0,450.0,1.599000096321106,376.0,437.0,1.7230000495910645,320.0,464.0,1.502000093460083
350.0,86.0,3.125000238418579,347.0,79.0,3.344000101089477,347.0,79.0,3.344000101089477,347.0,79.0,3.344000101089477,345.0,79.0,3.3620002269744877,343.0,79.0,3.398000240325928,341.0,79.0,3.4170000553131104,340.0,83.0,3.455000162124634,330.0,83.0,3.574000120162964,349.0,93.0,3.189000129699707,347.0,93.0,3.189000129699707,335.0,129.0,2.7160000801086426,313.0,122.0,2.8010001182556152,327.0,191.0,2.580000162124634,322.0,166.0,2.4880001544952393,354.0,221.0,3.125000238418579,374.0,146.0,3.0790002346038814,364.0,231.0,3.189000129699707,386.0,139.0,3.436000108718872,365.0,229.0,3.189000129699707,386.0,135.0,3.326000213623047,360.0,226.0,3.094000101089477,383.0,136.0,3.3620002269744877,345.0,251.0,2.7280001640319824,322.0,252.0,2.4780001640319824,342.0,336.0,3.2220001220703125,316.0,341.0,2.9200000762939453,341.0,420.0,1.8080000877380369,300.0,438.0,1.718000054359436,333.0,432.0,1.7320001125335691,295.0,448.0,1.599000096321106,377.0,438.0,1.7620000839233398,324.0,464.0,1.5360000133514404
351.0,86.0,3.2900002002716064,347.0,79.0,3.2560000419616695,347.0,79.0,3.2560000419616695,347.0,79.0,3.2560000419616695,345.0,79.0,3.2560000419616695,343.0,79.0,3.2900002002716064,341.0,79.0,3.326000213623047,340.0,83.0,3.3620002269744877,330.0,83.0,3.55400013923645,349.0,93.0,3.3800001144409175,347.0,93.0,3.344000101089477,335.0,128.0,2.7160000801086426,313.0,121.0,2.84000015258789,325.0,190.0,2.570000171661377,323.0,163.0,2.5380001068115234,352.0,226.0,3.1410000324249268,374.0,141.0,3.4740002155303955,362.0,238.0,3.273000240325928,386.0,133.0,3.344000101089477,362.0,237.0,3.2560000419616695,386.0,128.0,3.326000213623047,358.0,233.0,3.2220001220703125,383.0,131.0,3.2900002002716064,345.0,251.0,2.6810002326965328,322.0,251.0,2.498000144958496,342.0,335.0,3.2900002002716064,316.0,341.0,2.8930001258850098,341.0,420.0,1.8850001096725464,300.0,438.0,1.7620000839233398,333.0,432.0,1.7620000839233398,295.0,448.0,1.6110000610351562,377.0,438.0,1.7040001153945923,324.0,464.0,1.4950001239776611
350.0,86.0,3.2900002002716064,347.0,79.0,3.189000129699707,347.0,79.0,3.189000129699707,347.0,79.0,3.189000129699707,345.0,79.0,3.189000129699707,343.0,79.0,3.2060000896453857,341.0,79.0,3.2060000896453857,339.0,83.0,3.2060000896453857,330.0,83.0,3.157000064849853,349.0,93.0,3.344000101089477,347.0,93.0,3.3620002269744877,334.0,127.0,2.7160000801086426,313.0,121.0,2.8010001182556152,314.0,190.0,2.5280001163482666,325.0,159.0,2.6460001468658447,344.0,236.0,2.6460001468658447,375.0,135.0,3.2060000896453857,355.0,251.0,3.157000064849853,387.0,126.0,3.4170000553131104,356.0,251.0,3.189000129699707,386.0,122.0,3.398000240325928,352.0,245.0,3.0790002346038814,383.0,125.0,3.326000213623047,345.0,251.0,2.764000177383423,322.0,251.0,2.468000173568725,342.0,335.0,3.189000129699707,316.0,341.0,2.8930001258850098,341.0,420.0,1.8620001077651975,300.0,438.0,1.658000111579895,333.0,432.0,1.742000102996826,295.0,448.0,1.5910000801086424,377.0,438.0,1.7230000495910645,324.0,464.0,1.5320000648498535
350.0,85.0,3.3080000877380367,347.0,78.0,3.398000240325928,346.0,78.0,3.398000240325928,346.0,78.0,3.398000240325928,344.0,78.0,3.398000240325928,343.0,78.0,3.398000240325928,341.0,78.0,3.398000240325928,339.0,82.0,3.455000162124634,330.0,83.0,3.5340001583099365,349.0,93.0,3.3080000877380367,346.0,93.0,3.2900002002716064,333.0,127.0,2.6920001506805415,313.0,121.0,2.8530001640319824,313.0,190.0,2.5590000152587886,326.0,159.0,2.624000072479248,342.0,237.0,2.7160000801086426,375.0,132.0,3.1410000324249268,353.0,252.0,3.157000064849853,387.0,124.0,3.398000240325928,354.0,251.0,3.2060000896453857,386.0,119.0,3.3620002269744877,350.0,246.0,2.961000204086304,383.0,122.0,3.398000240325928,345.0,251.0,2.7160000801086426,322.0,251.0,2.4880001544952393,341.0,335.0,3.2220001220703125,316.0,341.0,2.8930001258850098,341.0,420.0,1.8900001049041748,300.0,439.0,1.7040001153945923,333.0,432.0,1.7570000886917114,295.0,449.0,1.6070001125335691,377.0,438.0,1.6850000619888303,324.0,464.0,1.4810000658035278
350.0,84.0,3.514000177383423,346.0,78.0,3.3620002269744877,346.0,78.0,3.3620002269744877,346.0,78.0,3.3620002269744877,344.0,78.0,3.3800001144409175,342.0,78.0,3.398000240325928,340.0,78.0,3.436000108718872,339.0,82.0,3.514000177383423,330.0,83.0,3.4940001964569087,348.0,92.0,3.55400013923645,346.0,92.0,3.55400013923645,333.0,127.0,2.7040002346038814,313.0,121.0,2.8530001640319824,314.0,190.0,2.5590000152587886,329.0,158.0,2.7160000801086426,343.0,236.0,2.7400002479553223,376.0,127.0,3.2220001220703125,354.0,250.0,3.1410000324249268,387.0,119.0,3.344000101089477,355.0,250.0,3.157000064849853,385.0,116.0,3.398000240325928,350.0,245.0,2.961000204086304,382.0,118.0,3.4170000553131104,345.0,251.0,2.7890000343322754,322.0,251.0,2.508000135421753,341.0,335.0,3.1410000324249268,316.0,341.0,2.9200000762939453,341.0,420.0,1.8620001077651975,300.0,438.0,1.6810001134872437,333.0,432.0,1.7280000448226929,295.0,449.0,1.5950000286102295,377.0,438.0,1.6900000572204588,324.0,464.0,1.4950001239776611
349.0,84.0,3.326000213623047,346.0,77.0,3.273000240325928,346.0,78.0,3.273000240325928,346.0,78.0,3.273000240325928,344.0,77.0,3.273000240325928,342.0,77.0,3.273000240325928,340.0,78.0,3.2900002002716064,339.0,82.0,3.2900002002716064,330.0,83.0,3.239000082015991,348.0,92.0,3.3080000877380367,346.0,92.0,3.273000240325928,333.0,128.0,2.7040002346038814,313.0,121.0,2.814000129699707,314.0,190.0,2.580000162124634,329.0,157.0,2.6920001506805415,344.0,236.0,2.7890000343322754,375.0,125.0,3.3080000877380367,354.0,250.0,3.064000129699707,385.0,117.0,3.3800001144409175,355.0,250.0,3.064000129699707,382.0,113.0,3.436000108718872,351.0,244.0,2.961000204086304,380.0,115.0,3.4170000553131104,345.0,251.0,2.7160000801086426,321.0,252.0,2.4880001544952393,341.0,335.0,3.239000082015991,316.0,341.0,2.906000137329101,341.0,420.0,1.8900001049041748,300.0,438.0,1.718000054359436,333.0,432.0,1.7620000839233398,294.0,449.0,1.5950000286102295,377.0,438.0,1.6110000610351562,324.0,464.0,1.5090000629425049
349.0,84.0,3.344000101089477,346.0,78.0,3.344000101089477,346.0,78.0,3.344000101089477,346.0,78.0,3.344000101089477,344.0,77.0,3.3620002269744877,342.0,77.0,3.3620002269744877,340.0,78.0,3.3620002269744877,339.0,82.0,3.344000101089477,330.0,83.0,3.239000082015991,348.0,92.0,3.2060000896453857,346.0,92.0,3.17300009727478,332.0,128.0,2.6920001506805415,313.0,121.0,2.8530001640319824,314.0,192.0,2.624000072479248,329.0,157.0,2.7400002479553223,343.0,237.0,2.6920001506805415,374.0,123.0,3.3620002269744877,353.0,251.0,3.0490002632141118,383.0,115.0,3.4740002155303955,354.0,250.0,3.0490002632141118,381.0,111.0,3.4940001964569087,350.0,245.0,2.947000026702881,378.0,113.0,3.514000177383423,345.0,251.0,2.7280001640319824,321.0,252.0,2.4880001544952393,341.0,335.0,3.2900002002716064,316.0,341.0,2.866000175476074,341.0,420.0,1.9080001115798952,300.0,439.0,1.6760001182556152,333.0,432.0,1.7470000982284544,293.0,449.0,1.5950000286102295,377.0,438.0,1.7230000495910645,324.0,464.0,1.499000072479248
349.0,84.0,3.4170000553131104,346.0,78.0,3.4740002155303955,346.0,78.0,3.4740002155303955,346.0,78.0,3.4740002155303955,344.0,78.0,3.4940001964569087,342.0,78.0,3.5340001583099365,340.0,78.0,3.55400013923645,339.0,82.0,3.436000108718872,330.0,83.0,3.3800001144409175,348.0,93.0,3.3620002269744877,346.0,93.0,3.344000101089477,331.0,128.0,2.6920001506805415,313.0,121.0,2.84000015258789,313.0,192.0,2.6020002365112305,329.0,157.0,2.7040002346038814,341.0,237.0,2.6580002307891846,372.0,122.0,3.398000240325928,352.0,250.0,3.064000129699707,382.0,113.0,3.326000213623047,353.0,250.0,3.110000133514404,379.0,110.0,3.344000101089477,349.0,244.0,2.906000137329101,376.0,112.0,3.3620002269744877,344.0,251.0,2.7040002346038814,321.0,252.0,2.498000144958496,341.0,335.0,3.239000082015991,316.0,341.0,2.906000137329101,342.0,420.0,1.9020000696182249,300.0,439.0,1.6950000524520874,333.0,432.0,1.8030000925064087,294.0,449.0,1.6030000448226929,378.0,438.0,1.7280000448226929,324.0,464.0,1.5090000629425049
349.0,85.0,3.3800001144409175,346.0,78.0,3.2220001220703125,346.0,78.0,3.2220001220703125,346.0,78.0,3.2220001220703125,343.0,78.0,3.273000240325928,342.0,78.0,3.2900002002716064,340.0,78.0,3.3080000877380367,340.0,82.0,3.3080000877380367,330.0,83.0,3.17300009727478,348.0,93.0,3.326000213623047,345.0,93.0,3.3080000877380367,332.0,128.0,2.6690001487731934,312.0,121.0,2.879000186920166,316.0,192.0,2.549000024795532,329.0,156.0,2.6810002326965328,342.0,236.0,2.6580002307891846,371.0,121.0,3.344000101089477,352.0,250.0,3.0790002346038814,380.0,113.0,3.398000240325928,353.0,249.0,3.125000238418579,377.0,110.0,3.436000108718872,349.0,244.0,2.8930001258850098,374.0,112.0,3.436000108718872,344.0,252.0,2.7280001640319824,321.0,252.0,2.4880001544952393,341.0,335.0,3.2560000419616695,316.0,341.0,2.879000186920166,342.0,420.0,1.873000144958496,300.0,439.0,1.6720000505447388,333.0,432.0,1.7920000553131104,293.0,450.0,1.599000096321106,378.0,438.0,1.7820000648498535,324.0,464.0,1.4880000352859497
349.0,85.0,3.2060000896453857,346.0,78.0,3.2060000896453857,346.0,78.0,3.2060000896453857,346.0,78.0,3.2060000896453857,343.0,78.0,3.2220001220703125,342.0,78.0,3.239000082015991,340.0,78.0,3.239000082015991,340.0,83.0,3.2560000419616695,330.0,83.0,3.3620002269744877,348.0,93.0,3.3080000877380367,346.0,93.0,3.3080000877380367,333.0,128.0,2.6920001506805415,312.0,121.0,2.8930001258850098,317.0,192.0,2.570000171661377,329.0,155.0,2.7040002346038814,342.0,236.0,2.6690001487731934,370.0,118.0,3.17300009727478,352.0,249.0,2.906000137329101,378.0,110.0,3.273000240325928,353.0,249.0,2.947000026702881,375.0,108.0,3.2900002002716064,349.0,243.0,2.827000141143799,373.0,110.0,3.3080000877380367,344.0,252.0,2.7040002346038814,321.0,252.0,2.498000144958496,341.0,335.0,3.3620002269744877,316.0,340.0,2.866000175476074,342.0,420.0,1.8850001096725464,300.0,439.0,1.6630001068115234,333.0,432.0,1.752000093460083,293.0,450.0,1.5910000801086424,378.0,438.0,1.7280000448226929,323.0,464.0,1.4950001239776611
347.0,86.0,3.3080000877380367,345.0,79.0,3.3620002269744877,346.0,79.0,3.3620002269744877,346.0,79.0,3.3620002269744877,342.0,78.0,3.398000240325928,340.0,78.0,3.3800001144409175,337.0,78.0,3.398000240325928,340.0,82.0,3.2900002002716064,326.0,81.0,3.3800001144409175,346.0,93.0,3.326000213623047,342.0,93.0,3.273000240325928,341.0,134.0,3.094000101089477,303.0,126.0,3.189000129699707,335.0,194.0,2.6020002365112305,295.0,190.0,2.6690001487731934,343.0,244.0,2.7400002479553223,290.0,250.0,2.4880001544952393,351.0,261.0,3.094000101089477,287.0,268.0,3.189000129699707,347.0,260.0,2.8530001640319824,292.0,267.0,2.9200000762939453,345.0,254.0,2.7280001640319824,296.0,262.0,2.5380001068115234,346.0,257.0,2.764000177383423,316.0,255.0,2.4780001640319824,344.0,334.0,3.344000101089477,310.0,341.0,2.7400002479553223,341.0,421.0,1.8450000286102293,299.0,439.0,1.6760001182556152,332.0,433.0,1.7090001106262207,294.0,451.0,1.5740001201629639,375.0,437.0,1.7230000495910645,321.0,464.0,1.4880000352859497
349.0,86.0,3.3620002269744877,346.0,79.0,3.239000082015991,346.0,79.0,3.239000082015991,346.0,79.0,3.239000082015991,343.0,78.0,3.2560000419616695,341.0,78.0,3.273000240325928,339.0,78.0,3.2900002002716064,340.0,83.0,3.2900002002716064,330.0,83.0,3.326000213623047,348.0,93.0,3.326000213623047,346.0,94.0,3.3080000877380367,333.0,128.0,2.6920001506805415,312.0,121.0,2.84000015258789,321.0,191.0,2.5180001258850098,329.0,154.0,2.8010001182556152,342.0,233.0,2.6690001487731934,369.0,116.0,3.514000177383423,352.0,246.0,2.9900002479553223,376.0,108.0,3.398000240325928,352.0,246.0,2.9900002479553223,373.0,106.0,3.398000240325928,348.0,241.0,2.8930001258850098,371.0,108.0,3.4170000553131104,345.0,251.0,2.7280001640319824,321.0,252.0,2.498000144958496,341.0,335.0,3.2560000419616695,316.0,340.0,2.879000186920166,342.0,420.0,1.8350000381469729,300.0,439.0,1.6950000524520874,333.0,432.0,1.718000054359436,293.0,450.0,1.5910000801086424,378.0,438.0,1.6900000572204588,322.0,464.0,1.5210000276565552
349.0,86.0,3.326000213623047,346.0,79.0,3.2900002002716064,346.0,79.0,3.2900002002716064,346.0,79.0,3.2900002002716064,343.0,79.0,3.3080000877380367,341.0,79.0,3.326000213623047,339.0,79.0,3.344000101089477,340.0,83.0,3.3080000877380367,330.0,83.0,3.398000240325928,348.0,94.0,3.3620002269744877,345.0,94.0,3.326000213623047,333.0,128.0,2.6920001506805415,311.0,121.0,2.947000026702881,323.0,190.0,2.508000135421753,329.0,152.0,2.6810002326965328,343.0,232.0,2.7160000801086426,368.0,114.0,3.4170000553131104,352.0,245.0,3.0340001583099365,375.0,106.0,3.6160001754760738,352.0,244.0,3.064000129699707,372.0,104.0,3.55400013923645,348.0,239.0,2.947000026702881,369.0,106.0,3.5340001583099365,345.0,251.0,2.7400002479553223,320.0,252.0,2.4880001544952393,341.0,335.0,3.2900002002716064,316.0,340.0,2.879000186920166,342.0,420.0,1.868000030517578,299.0,439.0,1.7040001153945923,333.0,432.0,1.7720000743865967,293.0,450.0,1.5820000171661377,378.0,438.0,1.7040001153945923,322.0,464.0,1.4630000591278076
348.0,87.0,3.574000120162964,345.0,79.0,3.55400013923645,345.0,79.0,3.55400013923645,345.0,79.0,3.55400013923645,343.0,79.0,3.574000120162964,341.0,79.0,3.574000120162964,339.0,79.0,3.574000120162964,340.0,83.0,3.658000230789185,329.0,84.0,3.4740002155303955,348.0,94.0,3.398000240325928,345.0,95.0,3.4170000553131104,333.0,129.0,2.6810002326965328,311.0,121.0,2.879000186920166,322.0,190.0,2.570000171661377,330.0,147.0,2.7890000343322754,343.0,231.0,2.764000177383423,366.0,113.0,3.3620002269744877,352.0,245.0,2.9200000762939453,374.0,105.0,3.4170000553131104,352.0,244.0,2.9200000762939453,371.0,103.0,3.344000101089477,348.0,239.0,2.906000137329101,368.0,105.0,3.326000213623047,345.0,251.0,2.7280001640319824,320.0,252.0,2.4580001831054688,341.0,335.0,3.239000082015991,316.0,340.0,2.827000141143799,342.0,420.0,1.8400000333786009,300.0,438.0,1.6900000572204588,333.0,432.0,1.752000093460083,293.0,450.0,1.5910000801086424,377.0,438.0,1.718000054359436,322.0,464.0,1.4770001173019407
348.0,87.0,3.55400013923645,345.0,80.0,3.55400013923645,345.0,80.0,3.55400013923645,345.0,80.0,3.55400013923645,342.0,79.0,3.514000177383423,340.0,79.0,3.4740002155303955,338.0,79.0,3.455000162124634,339.0,83.0,3.455000162124634,329.0,84.0,3.3620002269744877,347.0,95.0,3.398000240325928,344.0,95.0,3.4170000553131104,333.0,129.0,2.6690001487731934,311.0,121.0,2.8930001258850098,325.0,189.0,2.5280001163482666,331.0,147.0,2.814000129699707,344.0,230.0,2.764000177383423,366.0,111.0,3.273000240325928,353.0,243.0,3.110000133514404,373.0,102.0,3.273000240325928,352.0,242.0,3.064000129699707,371.0,100.0,3.239000082015991,348.0,237.0,2.906000137329101,368.0,103.0,3.2900002002716064,345.0,251.0,2.7160000801086426,320.0,252.0,2.4780001640319824,341.0,335.0,3.2900002002716064,316.0,340.0,2.866000175476074,342.0,420.0,1.873000144958496,300.0,438.0,1.6900000572204588,333.0,432.0,1.718000054359436,293.0,449.0,1.6030000448226929,377.0,438.0,1.7670000791549683,322.0,464.0,1.4880000352859497
347.0,87.0,3.344000101089477,344.0,80.0,3.3620002269744877,344.0,80.0,3.3620002269744877,344.0,80.0,3.3620002269744877,341.0,79.0,3.398000240325928,339.0,79.0,3.398000240325928,337.0,79.0,3.398000240325928,339.0,83.0,3.2900002002716064,328.0,84.0,3.344000101089477,347.0,94.0,3.398000240325928,344.0,95.0,3.344000101089477,333.0,130.0,2.6690001487731934,311.0,121.0,2.8930001258850098,327.0,189.0,2.6020002365112305,333.0,146.0,2.866000175476074,346.0,229.0,2.7890000343322754,366.0,110.0,3.239000082015991,354.0,243.0,3.2220001220703125,373.0,101.0,3.4170000553131104,353.0,241.0,3.2900002002716064,370.0,99.0,3.398000240325928,349.0,236.0,3.0340001583099365,368.0,102.0,3.4170000553131104,345.0,251.0,2.764000177383423,320.0,252.0,2.448000192642212,341.0,335.0,3.2060000896453857,316.0,340.0,2.906000137329101,341.0,420.0,1.8400000333786009,300.0,438.0,1.6670000553131104,333.0,432.0,1.7620000839233398,293.0,449.0,1.6070001125335691,377.0,438.0,1.7570000886917114,322.0,464.0,1.4880000352859497
346.0,87.0,3.4740002155303955,343.0,80.0,3.4170000553131104,343.0,80.0,3.4170000553131104,343.0,80.0,3.4170000553131104,341.0,79.0,3.4170000553131104,339.0,79.0,3.4170000553131104,336.0,79.0,3.398000240325928,338.0,83.0,3.3800001144409175,327.0,84.0,3.189000129699707,346.0,94.0,3.3800001144409175,343.0,95.0,3.3800001144409175,333.0,131.0,2.6580002307891846,311.0,122.0,2.8530001640319824,326.0,190.0,2.580000162124634,333.0,144.0,2.752000093460083,348.0,234.0,2.8930001258850098,366.0,106.0,3.344000101089477,356.0,248.0,3.2560000419616695,373.0,98.0,3.4940001964569087,355.0,247.0,3.17300009727478,370.0,96.0,3.4170000553131104,351.0,242.0,2.947000026702881,368.0,99.0,3.436000108718872,345.0,251.0,2.764000177383423,320.0,252.0,2.4780001640319824,341.0,335.0,3.3080000877380367,316.0,340.0,2.8930001258850098,341.0,420.0,1.931000113487244,300.0,438.0,1.7130000591278076,333.0,432.0,1.7970000505447388,293.0,449.0,1.624000072479248,377.0,438.0,1.7370001077651975,322.0,464.0,1.5090000629425049
346.0,86.0,3.326000213623047,343.0,80.0,3.3800001144409175,343.0,80.0,3.3800001144409175,343.0,80.0,3.3800001144409175,340.0,79.0,3.3800001144409175,338.0,79.0,3.3800001144409175,336.0,80.0,3.398000240325928,338.0,84.0,3.4170000553131104,327.0,85.0,3.4740002155303955,346.0,94.0,3.436000108718872,343.0,95.0,3.4170000553131104,333.0,132.0,2.6690001487731934,311.0,122.0,2.879000186920166,327.0,192.0,2.6020002365112305,333.0,143.0,2.7280001640319824,349.0,236.0,2.9330000877380367,367.0,104.0,3.2060000896453857,357.0,250.0,3.17300009727478,373.0,96.0,3.125000238418579,356.0,249.0,3.1410000324249268,370.0,94.0,3.1410000324249268,353.0,243.0,2.961000204086304,368.0,96.0,3.2220001220703125,346.0,251.0,2.7760000228881836,320.0,252.0,2.4880001544952393,341.0,335.0,3.239000082015991,315.0,339.0,2.866000175476074,341.0,420.0,1.873000144958496,300.0,438.0,1.7090001106262207,332.0,432.0,1.718000054359436,293.0,449.0,1.6030000448226929,377.0,438.0,1.7920000553131104,322.0,464.0,1.4810000658035278
346.0,87.0,3.398000240325928,343.0,80.0,3.455000162124634,343.0,80.0,3.455000162124634,343.0,80.0,3.455000162124634,340.0,80.0,3.436000108718872,338.0,80.0,3.436000108718872,336.0,80.0,3.4170000553131104,337.0,84.0,3.398000240325928,326.0,85.0,3.3800001144409175,346.0,94.0,3.3080000877380367,343.0,95.0,3.326000213623047,333.0,133.0,2.6690001487731934,311.0,122.0,2.827000141143799,327.0,192.0,2.624000072479248,333.0,142.0,2.7160000801086426,349.0,235.0,2.9760000705718994,367.0,103.0,3.4170000553131104,358.0,250.0,3.2900002002716064,373.0,94.0,3.5340001583099365,356.0,248.0,3.273000240325928,370.0,92.0,3.4940001964569087,353.0,243.0,3.239000082015991,368.0,95.0,3.514000177383423,345.0,251.0,2.752000093460083,320.0,252.0,2.498000144958496,341.0,335.0,3.326000213623047,316.0,339.0,2.906000137329101,341.0,421.0,1.8960001468658447,300.0,438.0,1.7040001153945923,331.0,433.0,1.7920000553131104,293.0,449.0,1.6150001287460327,377.0,438.0,1.7370001077651975,322.0,464.0,1.4880000352859497
346.0,86.0,3.4170000553131104,343.0,80.0,3.4940001964569087,343.0,80.0,3.4940001964569087,343.0,80.0,3.4940001964569087,340.0,80.0,3.4940001964569087,338.0,80.0,3.4940001964569087,336.0,80.0,3.455000162124634,337.0,84.0,3.3800001144409175,326.0,86.0,3.2560000419616695,346.0,94.0,3.455000162124634,343.0,94.0,3.455000162124634,333.0,134.0,2.6690001487731934,311.0,123.0,2.866000175476074,328.0,192.0,2.6020002365112305,333.0,139.0,2.7040002346038814,349.0,236.0,2.9760000705718994,366.0,102.0,3.3800001144409175,357.0,251.0,3.2060000896453857,373.0,93.0,3.3620002269744877,356.0,249.0,3.157000064849853,370.0,90.0,3.239000082015991,353.0,244.0,3.0490002632141118,368.0,94.0,3.3080000877380367,345.0,252.0,2.7400002479553223,320.0,252.0,2.498000144958496,341.0,335.0,3.2220001220703125,315.0,340.0,2.84000015258789,341.0,421.0,1.856000065803528,300.0,438.0,1.7230000495910645,332.0,433.0,1.7280000448226929,293.0,449.0,1.599000096321106,377.0,438.0,1.742000102996826,323.0,464.0,1.474000096321106
346.0,86.0,3.3620002269744877,342.0,80.0,3.4170000553131104,342.0,80.0,3.4170000553131104,342.0,80.0,3.4170000553131104,340.0,80.0,3.436000108718872,338.0,80.0,3.455000162124634,336.0,81.0,3.455000162124634,337.0,85.0,3.4740002155303955,326.0,86.0,3.2900002002716064,346.0,94.0,3.3620002269744877,343.0,94.0,3.398000240325928,332.0,134.0,2.6810002326965328,311.0,123.0,2.8010001182556152,328.0,193.0,2.549000024795532,333.0,138.0,2.7040002346038814,349.0,237.0,3.0340001583099365,366.0,101.0,3.514000177383423,357.0,252.0,3.326000213623047,373.0,92.0,3.326000213623047,356.0,250.0,3.326000213623047,369.0,89.0,3.3620002269744877,353.0,245.0,3.125000238418579,367.0,93.0,3.326000213623047,345.0,253.0,2.7280001640319824,320.0,253.0,2.468000173568725,340.0,335.0,3.2220001220703125,315.0,340.0,2.9200000762939453,341.0,421.0,1.8790000677108765,300.0,438.0,1.6670000553131104,331.0,433.0,1.7620000839233398,293.0,449.0,1.6150001287460327,377.0,438.0,1.7280000448226929,323.0,464.0,1.4880000352859497
347.0,86.0,3.3620002269744877,345.0,79.0,3.436000108718872,346.0,79.0,3.436000108718872,346.0,79.0,3.436000108718872,342.0,78.0,3.4170000553131104,340.0,78.0,3.398000240325928,337.0,78.0,3.326000213623047,340.0,82.0,3.3800001144409175,327.0,81.0,3.2220001220703125,346.0,94.0,3.3800001144409175,343.0,93.0,3.326000213623047,341.0,134.0,3.064000129699707,303.0,126.0,3.0790002346038814,334.0,195.0,2.6920001506805415,295.0,190.0,2.6460001468658447,344.0,244.0,2.6690001487731934,291.0,250.0,2.4780001640319824,352.0,261.0,3.189000129699707,287.0,268.0,3.0790002346038814,349.0,260.0,2.961000204086304,292.0,267.0,2.7890000343322754,346.0,254.0,2.7280001640319824,296.0,262.0,2.5380001068115234,346.0,256.0,2.7400002479553223,316.0,255.0,2.4880001544952393,344.0,334.0,3.2900002002716064,310.0,341.0,2.7160000801086426,341.0,421.0,1.8620001077651975,299.0,439.0,1.6990001201629639,332.0,433.0,1.742000102996826,294.0,451.0,1.586000084877014,375.0,437.0,1.718000054359436,321.0,464.0,1.4700000286102295
346.0,85.0,3.3620002269744877,341.0,80.0,3.436000108718872,341.0,80.0,3.436000108718872,341.0,80.0,3.436000108718872,339.0,80.0,3.436000108718872,337.0,80.0,3.436000108718872,335.0,80.0,3.436000108718872,336.0,84.0,3.4940001964569087,326.0,86.0,3.436000108718872,345.0,93.0,3.3800001144409175,342.0,94.0,3.398000240325928,332.0,134.0,2.6690001487731934,312.0,123.0,2.814000129699707,329.0,194.0,2.549000024795532,333.0,138.0,2.6920001506805415,349.0,237.0,2.9330000877380367,366.0,100.0,3.4740002155303955,356.0,250.0,3.2560000419616695,372.0,90.0,3.4740002155303955,355.0,249.0,3.2220001220703125,369.0,87.0,3.514000177383423,352.0,244.0,3.004000186920166,367.0,91.0,3.4170000553131104,344.0,253.0,2.7160000801086426,320.0,253.0,2.498000144958496,340.0,335.0,3.239000082015991,315.0,340.0,2.866000175476074,341.0,421.0,1.8180000782012935,299.0,438.0,1.6760001182556152,330.0,433.0,1.7670000791549683,293.0,449.0,1.586000084877014,377.0,438.0,1.7920000553131104,323.0,464.0,1.4910000562667847
345.0,85.0,3.455000162124634,341.0,79.0,3.436000108718872,341.0,79.0,3.436000108718872,341.0,80.0,3.436000108718872,338.0,79.0,3.398000240325928,337.0,79.0,3.3800001144409175,335.0,80.0,3.326000213623047,336.0,84.0,3.326000213623047,326.0,86.0,3.344000101089477,345.0,92.0,3.3620002269744877,342.0,93.0,3.326000213623047,331.0,134.0,2.6580002307891846,312.0,124.0,2.7890000343322754,330.0,193.0,2.6020002365112305,334.0,137.0,2.6580002307891846,348.0,236.0,2.947000026702881,366.0,97.0,3.2900002002716064,355.0,250.0,3.0790002346038814,372.0,88.0,3.4170000553131104,354.0,249.0,3.064000129699707,369.0,85.0,3.3800001144409175,351.0,244.0,3.004000186920166,367.0,89.0,3.436000108718872,344.0,253.0,2.7040002346038814,320.0,253.0,2.4780001640319824,340.0,335.0,3.189000129699707,315.0,340.0,2.827000141143799,341.0,421.0,1.8790000677108765,299.0,438.0,1.6990001201629639,331.0,433.0,1.7320001125335691,293.0,450.0,1.586000084877014,377.0,438.0,1.7570000886917114,323.0,464.0,1.5090000629425049
345.0,85.0,3.398000240325928,340.0,79.0,3.4170000553131104,340.0,80.0,3.398000240325928,340.0,80.0,3.398000240325928,338.0,79.0,3.3620002269744877,336.0,79.0,3.2900002002716064,334.0,80.0,3.2060000896453857,335.0,84.0,3.189000129699707,326.0,86.0,3.1410000324249268,345.0,92.0,3.1410000324249268,342.0,93.0,3.157000064849853,331.0,134.0,2.6690001487731934,312.0,124.0,2.8010001182556152,331.0,193.0,2.580000162124634,334.0,136.0,2.6810002326965328,349.0,236.0,2.9330000877380367,366.0,95.0,3.189000129699707,355.0,250.0,3.17300009727478,372.0,86.0,3.3080000877380367,354.0,248.0,3.1410000324249268,369.0,84.0,3.3620002269744877,351.0,243.0,3.004000186920166,367.0,87.0,3.3080000877380367,344.0,253.0,2.7040002346038814,320.0,253.0,2.4880001544952393,341.0,335.0,3.110000133514404,316.0,340.0,2.9200000762939453,341.0,421.0,1.8900001049041748,299.0,438.0,1.6950000524520874,331.0,433.0,1.7230000495910645,293.0,450.0,1.599000096321106,377.0,438.0,1.7090001106262207,323.0,464.0,1.499000072479248
344.0,85.0,3.326000213623047,340.0,80.0,3.3800001144409175,340.0,80.0,3.3800001144409175,340.0,80.0,3.3800001144409175,338.0,80.0,3.3620002269744877,336.0,80.0,3.326000213623047,334.0,80.0,3.2900002002716064,335.0,85.0,3.3620002269744877,325.0,86.0,3.273000240325928,344.0,93.0,3.189000129699707,341.0,93.0,3.189000129699707,332.0,135.0,2.6810002326965328,313.0,124.0,2.7760000228881836,333.0,194.0,2.570000171661377,334.0,134.0,2.6690001487731934,349.0,236.0,2.9760000705718994,366.0,93.0,3.326000213623047,355.0,250.0,3.094000101089477,372.0,84.0,3.273000240325928,353.0,248.0,3.064000129699707,369.0,82.0,3.2900002002716064,351.0,243.0,3.0190000534057617,367.0,85.0,3.2220001220703125,344.0,254.0,2.6920001506805415,320.0,253.0,2.4880001544952393,341.0,335.0,3.3080000877380367,316.0,340.0,2.906000137329101,341.0,421.0,1.8960001468658447,299.0,438.0,1.6900000572204588,332.0,434.0,1.7230000495910645,293.0,450.0,1.599000096321106,378.0,438.0,1.7040001153945923,323.0,464.0,1.4840000867843628
344.0,85.0,3.3080000877380367,340.0,80.0,3.344000101089477,340.0,80.0,3.344000101089477,340.0,80.0,3.344000101089477,337.0,80.0,3.3800001144409175,335.0,80.0,3.398000240325928,334.0,81.0,3.4170000553131104,334.0,85.0,3.5340001583099365,325.0,87.0,3.5340001583099365,344.0,93.0,3.3800001144409175,341.0,93.0,3.4170000553131104,332.0,136.0,2.7040002346038814,313.0,124.0,2.7760000228881836,336.0,194.0,2.6580002307891846,335.0,133.0,2.6690001487731934,350.0,236.0,3.0490002632141118,367.0,91.0,3.273000240325928,355.0,250.0,3.326000213623047,372.0,82.0,3.326000213623047,354.0,248.0,3.2900002002716064,369.0,81.0,3.398000240325928,351.0,243.0,3.110000133514404,367.0,84.0,3.436000108718872,344.0,255.0,2.6810002326965328,319.0,254.0,2.4880001544952393,341.0,335.0,3.2060000896453857,315.0,340.0,2.84000015258789,341.0,421.0,1.8790000677108765,299.0,438.0,1.6950000524520874,330.0,434.0,1.7320001125335691,293.0,450.0,1.586000084877014,377.0,438.0,1.7570000886917114,323.0,464.0,1.4840000867843628
343.0,85.0,3.4170000553131104,339.0,80.0,3.436000108718872,339.0,80.0,3.436000108718872,339.0,80.0,3.436000108718872,336.0,80.0,3.398000240325928,335.0,80.0,3.3800001144409175,333.0,81.0,3.3620002269744877,334.0,86.0,3.398000240325928,324.0,87.0,3.239000082015991,343.0,93.0,3.436000108718872,341.0,94.0,3.455000162124634,333.0,137.0,2.7280001640319824,313.0,124.0,2.7890000343322754,338.0,195.0,2.624000072479248,337.0,130.0,2.6580002307891846,352.0,237.0,3.125000238418579,367.0,89.0,3.455000162124634,357.0,251.0,3.2900002002716064,373.0,81.0,3.326000213623047,355.0,250.0,3.239000082015991,369.0,80.0,3.326000213623047,353.0,245.0,3.125000238418579,367.0,83.0,3.3620002269744877,344.0,255.0,2.7160000801086426,319.0,254.0,2.498000144958496,341.0,336.0,3.2060000896453857,315.0,340.0,2.866000175476074,341.0,421.0,1.8790000677108765,299.0,438.0,1.6990001201629639,331.0,434.0,1.7230000495910645,293.0,450.0,1.586000084877014,377.0,438.0,1.7470000982284544,322.0,464.0,1.4840000867843628
342.0,87.0,3.189000129699707,338.0,81.0,3.398000240325928,338.0,81.0,3.398000240325928,338.0,81.0,3.398000240325928,335.0,81.0,3.455000162124634,333.0,82.0,3.455000162124634,331.0,82.0,3.4740002155303955,333.0,86.0,3.3620002269744877,323.0,88.0,3.3620002269744877,343.0,94.0,3.17300009727478,340.0,95.0,3.17300009727478,333.0,138.0,2.7400002479553223,313.0,125.0,2.7890000343322754,337.0,195.0,2.570000171661377,337.0,128.0,2.6920001506805415,352.0,238.0,3.0490002632141118,367.0,88.0,3.398000240325928,358.0,252.0,3.2220001220703125,373.0,80.0,3.3800001144409175,356.0,251.0,3.2220001220703125,369.0,79.0,3.4170000553131104,353.0,246.0,3.1410000324249268,367.0,82.0,3.398000240325928,344.0,257.0,2.7280001640319824,319.0,256.0,2.498000144958496,341.0,336.0,3.2060000896453857,315.0,341.0,2.8530001640319824,341.0,421.0,1.8400000333786009,299.0,439.0,1.6540000438690183,332.0,434.0,1.7130000591278076,292.0,450.0,1.5950000286102295,377.0,438.0,1.7670000791549683,322.0,464.0,1.4700000286102295
341.0,87.0,3.326000213623047,337.0,81.0,3.3800001144409175,337.0,81.0,3.3800001144409175,338.0,82.0,3.3800001144409175,334.0,81.0,3.3800001144409175,332.0,82.0,3.3620002269744877,330.0,82.0,3.326000213623047,333.0,87.0,3.344000101089477,323.0,88.0,3.157000064849853,342.0,95.0,3.344000101089477,339.0,96.0,3.3620002269744877,333.0,138.0,2.7040002346038814,313.0,125.0,2.8010001182556152,337.0,196.0,2.635000228881836,337.0,127.0,2.6810002326965328,352.0,239.0,3.3620002269744877,368.0,88.0,3.3620002269744877,358.0,253.0,3.110000133514404,373.0,79.0,3.4940001964569087,356.0,251.0,3.094000101089477,369.0,78.0,3.436000108718872,354.0,246.0,3.239000082015991,367.0,81.0,3.455000162124634,344.0,257.0,2.7040002346038814,319.0,256.0,2.448000192642212,341.0,336.0,3.2220001220703125,315.0,341.0,2.866000175476074,341.0,421.0,1.824000120162964,299.0,439.0,1.6900000572204588,331.0,434.0,1.7820000648498535,292.0,450.0,1.5950000286102295,377.0,438.0,1.6850000619888303,323.0,464.0,1.50600004196167
340.0,88.0,3.2220001220703125,336.0,82.0,3.3080000877380367,337.0,82.0,3.3080000877380367,337.0,82.0,3.3080000877380367,333.0,82.0,3.3080000877380367,332.0,82.0,3.3080000877380367,330.0,83.0,3.2900002002716064,333.0,87.0,3.2560000419616695,322.0,89.0,3.4170000553131104,341.0,95.0,3.273000240325928,338.0,96.0,3.2560000419616695,333.0,138.0,2.6920001506805415,313.0,125.0,2.764000177383423,337.0,196.0,2.6580002307891846,337.0,126.0,2.6690001487731934,353.0,239.0,3.3080000877380367,368.0,86.0,3.4740002155303955,359.0,253.0,3.239000082015991,373.0,78.0,3.4740002155303955,357.0,251.0,3.2220001220703125,369.0,77.0,3.4170000553131104,355.0,246.0,3.2560000419616695,367.0,80.0,3.436000108718872,343.0,257.0,2.6690001487731934,319.0,256.0,2.468000173568725,340.0,336.0,3.110000133514404,315.0,341.0,2.84000015258789,341.0,421.0,1.931000113487244,299.0,439.0,1.6950000524520874,330.0,434.0,1.7470000982284544,292.0,450.0,1.6030000448226929,376.0,439.0,1.7280000448226929,322.0,464.0,1.4840000867843628
339.0,88.0,3.2220001220703125,336.0,82.0,3.3800001144409175,336.0,82.0,3.3800001144409175,337.0,82.0,3.398000240325928,333.0,82.0,3.3620002269744877,331.0,83.0,3.3080000877380367,329.0,83.0,3.3080000877380367,333.0,88.0,3.2220001220703125,322.0,90.0,3.344000101089477,341.0,95.0,3.239000082015991,338.0,96.0,3.273000240325928,334.0,138.0,2.6920001506805415,313.0,125.0,2.7760000228881836,341.0,194.0,2.6580002307891846,337.0,124.0,2.7280001640319824,354.0,235.0,3.3080000877380367,368.0,83.0,3.2900002002716064,359.0,247.0,3.455000162124634,373.0,76.0,3.2560000419616695,357.0,246.0,3.455000162124634,369.0,74.0,3.2060000896453857,355.0,241.0,3.4740002155303955,367.0,77.0,3.239000082015991,343.0,257.0,2.6690001487731934,319.0,257.0,2.4880001544952393,340.0,336.0,3.239000082015991,315.0,341.0,2.827000141143799,341.0,421.0,1.856000065803528,299.0,439.0,1.7130000591278076,331.0,434.0,1.7370001077651975,292.0,450.0,1.5950000286102295,376.0,439.0,1.7230000495910645,323.0,464.0,1.5210000276565552
348.0,86.0,3.4740002155303955,346.0,79.0,3.455000162124634,346.0,79.0,3.455000162124634,347.0,79.0,3.455000162124634,342.0,78.0,3.436000108718872,340.0,78.0,3.436000108718872,337.0,78.0,3.455000162124634,341.0,83.0,3.4740002155303955,327.0,82.0,3.5950002670288086,347.0,94.0,3.344000101089477,343.0,93.0,3.273000240325928,342.0,134.0,3.17300009727478,303.0,126.0,3.125000238418579,335.0,195.0,2.624000072479248,295.0,189.0,2.6690001487731934,345.0,244.0,2.7890000343322754,290.0,250.0,2.498000144958496,353.0,261.0,2.9900002479553223,287.0,268.0,3.239000082015991,351.0,260.0,2.947000026702881,0.0,0.0,0.0,346.0,254.0,2.752000093460083,295.0,262.0,2.549000024795532,347.0,256.0,2.7890000343322754,316.0,255.0,2.4780001640319824,344.0,334.0,3.2900002002716064,310.0,341.0,2.7280001640319824,341.0,421.0,1.8900001049041748,299.0,440.0,1.6950000524520874,332.0,433.0,1.7370001077651975,294.0,451.0,1.5950000286102295,375.0,438.0,1.6950000524520874,321.0,464.0,1.4910000562667847
340.0,87.0,3.344000101089477,336.0,81.0,3.436000108718872,336.0,82.0,3.4170000553131104,336.0,82.0,3.4170000553131104,333.0,82.0,3.398000240325928,331.0,82.0,3.3800001144409175,330.0,83.0,3.344000101089477,332.0,88.0,3.3080000877380367,322.0,90.0,3.2220001220703125,341.0,95.0,3.344000101089477,338.0,96.0,3.3080000877380367,333.0,138.0,2.6580002307891846,315.0,125.0,2.7760000228881836,340.0,193.0,2.6020002365112305,338.0,122.0,2.764000177383423,354.0,230.0,3.1410000324249268,368.0,82.0,3.2900002002716064,359.0,243.0,3.0490002632141118,373.0,74.0,3.344000101089477,357.0,241.0,3.064000129699707,369.0,73.0,3.344000101089477,355.0,236.0,3.0340001583099365,367.0,76.0,3.326000213623047,343.0,257.0,2.6810002326965328,319.0,256.0,2.448000192642212,340.0,337.0,3.3620002269744877,316.0,341.0,2.8930001258850098,340.0,421.0,1.8620001077651975,299.0,439.0,1.6810001134872437,330.0,435.0,1.6990001201629639,292.0,450.0,1.599000096321106,376.0,439.0,1.6720000505447388,323.0,464.0,1.5280001163482666
340.0,86.0,3.344000101089477,335.0,81.0,3.455000162124634,335.0,81.0,3.455000162124634,335.0,81.0,3.455000162124634,333.0,81.0,3.455000162124634,331.0,81.0,3.455000162124634,330.0,82.0,3.436000108718872,331.0,88.0,3.398000240325928,322.0,89.0,3.3080000877380367,341.0,94.0,3.3620002269744877,339.0,95.0,3.344000101089477,333.0,138.0,2.6690001487731934,317.0,124.0,2.752000093460083,340.0,192.0,2.5910000801086426,339.0,121.0,2.6690001487731934,353.0,228.0,3.1410000324249268,368.0,81.0,3.455000162124634,358.0,240.0,3.398000240325928,373.0,73.0,3.436000108718872,356.0,238.0,3.2900002002716064,369.0,72.0,3.398000240325928,354.0,234.0,3.1410000324249268,367.0,75.0,3.4940001964569087,343.0,257.0,2.6690001487731934,319.0,256.0,2.4780001640319824,340.0,336.0,3.326000213623047,317.0,341.0,2.9200000762939453,340.0,421.0,1.873000144958496,300.0,439.0,1.6630001068115234,330.0,435.0,1.742000102996826,294.0,450.0,1.5820000171661377,376.0,439.0,1.7090001106262207,323.0,464.0,1.4770001173019407
339.0,86.0,3.2900002002716064,335.0,81.0,3.239000082015991,335.0,81.0,3.239000082015991,335.0,81.0,3.239000082015991,333.0,81.0,3.2060000896453857,331.0,81.0,3.157000064849853,330.0,82.0,3.125000238418579,330.0,88.0,3.1410000324249268,322.0,89.0,3.110000133514404,341.0,94.0,3.326000213623047,339.0,95.0,3.2900002002716064,332.0,137.0,2.6810002326965328,318.0,124.0,2.752000093460083,340.0,190.0,2.6580002307891846,340.0,120.0,2.6460001468658447,353.0,226.0,3.2060000896453857,368.0,80.0,3.2060000896453857,358.0,238.0,3.2900002002716064,373.0,71.0,3.2220001220703125,356.0,236.0,3.239000082015991,369.0,70.0,3.2560000419616695,355.0,232.0,3.2060000896453857,367.0,74.0,3.239000082015991,343.0,257.0,2.7040002346038814,320.0,256.0,2.468000173568725,340.0,336.0,3.3620002269744877,317.0,341.0,2.906000137329101,340.0,422.0,1.873000144958496,300.0,438.0,1.742000102996826,329.0,435.0,1.7470000982284544,295.0,449.0,1.6150001287460327,376.0,439.0,1.7040001153945923,323.0,464.0,1.502000093460083
339.0,86.0,3.436000108718872,335.0,81.0,3.4170000553131104,335.0,81.0,3.4170000553131104,335.0,81.0,3.4170000553131104,333.0,81.0,3.4170000553131104,331.0,81.0,3.4170000553131104,330.0,82.0,3.398000240325928,330.0,88.0,3.326000213623047,322.0,89.0,3.2220001220703125,341.0,94.0,3.3800001144409175,339.0,95.0,3.3800001144409175,332.0,136.0,2.6810002326965328,319.0,123.0,2.7400002479553223,341.0,185.0,2.6690001487731934,353.0,121.0,2.508000135421753,354.0,217.0,3.239000082015991,368.0,77.0,3.326000213623047,358.0,228.0,3.326000213623047,373.0,69.0,3.3620002269744877,356.0,227.0,3.2900002002716064,368.0,68.0,3.398000240325928,354.0,223.0,3.239000082015991,367.0,72.0,3.398000240325928,343.0,256.0,2.7040002346038814,321.0,255.0,2.468000173568725,340.0,336.0,3.189000129699707,317.0,341.0,2.9200000762939453,340.0,422.0,1.9140000343322756,300.0,438.0,1.7230000495910645,331.0,435.0,1.7370001077651975,294.0,450.0,1.5740001201629639,376.0,439.0,1.7280000448226929,323.0,464.0,1.4950001239776611
339.0,86.0,3.4940001964569087,335.0,81.0,3.455000162124634,335.0,81.0,3.455000162124634,335.0,82.0,3.4740002155303955,333.0,81.0,3.455000162124634,332.0,82.0,3.4740002155303955,330.0,82.0,3.4740002155303955,330.0,88.0,3.436000108718872,322.0,89.0,3.398000240325928,341.0,95.0,3.398000240325928,339.0,95.0,3.398000240325928,332.0,136.0,2.6580002307891846,319.0,123.0,2.7400002479553223,346.0,175.0,3.064000129699707,358.0,121.0,2.5380001068115234,358.0,188.0,3.3080000877380367,368.0,76.0,3.2900002002716064,361.0,193.0,3.1410000324249268,373.0,67.0,3.2560000419616695,359.0,191.0,3.17300009727478,368.0,67.0,3.2900002002716064,358.0,189.0,3.2560000419616695,367.0,71.0,3.326000213623047,344.0,256.0,2.6920001506805415,321.0,255.0,2.4580001831054688,340.0,336.0,3.2060000896453857,316.0,341.0,2.906000137329101,340.0,422.0,1.7970000505447388,300.0,439.0,1.658000111579895,331.0,434.0,1.7280000448226929,294.0,450.0,1.599000096321106,376.0,439.0,1.6850000619888303,323.0,464.0,1.4880000352859497
340.0,86.0,3.3800001144409175,335.0,81.0,3.455000162124634,335.0,81.0,3.455000162124634,335.0,81.0,3.455000162124634,333.0,81.0,3.455000162124634,332.0,81.0,3.436000108718872,330.0,82.0,3.4170000553131104,329.0,88.0,3.455000162124634,322.0,89.0,3.5340001583099365,341.0,94.0,3.239000082015991,339.0,95.0,3.2220001220703125,332.0,136.0,2.6920001506805415,319.0,123.0,2.752000093460083,347.0,177.0,3.125000238418579,357.0,120.0,2.549000024795532,358.0,199.0,3.3620002269744877,368.0,75.0,3.398000240325928,362.0,207.0,3.3800001144409175,373.0,66.0,3.398000240325928,360.0,205.0,3.3620002269744877,368.0,66.0,3.3800001144409175,359.0,202.0,3.3620002269744877,366.0,70.0,3.4170000553131104,344.0,256.0,2.6690001487731934,321.0,255.0,2.448000192642212,341.0,335.0,3.273000240325928,316.0,341.0,2.879000186920166,341.0,422.0,1.8510000705718996,300.0,439.0,1.7040001153945923,332.0,434.0,1.7470000982284544,294.0,450.0,1.6150001287460327,376.0,439.0,1.6900000572204588,323.0,464.0,1.4630000591278076
340.0,86.0,3.4940001964569087,335.0,81.0,3.4940001964569087,335.0,81.0,3.4940001964569087,335.0,82.0,3.5340001583099365,333.0,81.0,3.4940001964569087,332.0,81.0,3.4740002155303955,331.0,82.0,3.514000177383423,329.0,88.0,3.4940001964569087,322.0,89.0,3.4940001964569087,341.0,95.0,3.2560000419616695,339.0,95.0,3.239000082015991,333.0,136.0,2.6460001468658447,318.0,123.0,2.764000177383423,351.0,167.0,3.2220001220703125,348.0,110.0,2.9200000762939453,361.0,170.0,3.3620002269744877,368.0,74.0,3.326000213623047,364.0,172.0,3.3620002269744877,373.0,64.0,3.2560000419616695,362.0,171.0,3.3620002269744877,368.0,64.0,3.2560000419616695,361.0,169.0,3.3620002269744877,366.0,68.0,3.273000240325928,344.0,255.0,2.635000228881836,321.0,255.0,2.448000192642212,341.0,335.0,3.17300009727478,316.0,341.0,2.8930001258850098,340.0,421.0,1.8130000829696653,300.0,439.0,1.6720000505447388,332.0,434.0,1.6900000572204588,294.0,450.0,1.586000084877014,376.0,439.0,1.6630001068115234,323.0,464.0,1.4810000658035278
340.0,87.0,3.344000101089477,335.0,82.0,3.3800001144409175,335.0,82.0,3.3800001144409175,335.0,82.0,3.3800001144409175,334.0,82.0,3.3800001144409175,332.0,82.0,3.3800001144409175,331.0,82.0,3.3620002269744877,329.0,89.0,3.4740002155303955,322.0,90.0,3.4740002155303955,341.0,96.0,3.398000240325928,339.0,95.0,3.436000108718872,334.0,136.0,2.6130001544952393,318.0,124.0,2.752000093460083,351.0,160.0,3.2560000419616695,346.0,108.0,3.2560000419616695,361.0,155.0,3.2060000896453857,368.0,73.0,3.17300009727478,363.0,158.0,3.2220001220703125,373.0,62.0,3.3620002269744877,361.0,156.0,3.189000129699707,368.0,62.0,3.3620002269744877,360.0,155.0,3.2060000896453857,366.0,67.0,3.2900002002716064,344.0,256.0,2.6460001468658447,321.0,255.0,2.448000192642212,341.0,335.0,3.326000213623047,316.0,341.0,2.947000026702881,340.0,421.0,1.856000065803528,300.0,439.0,1.6810001134872437,332.0,434.0,1.7230000495910645,294.0,450.0,1.5950000286102295,376.0,439.0,1.7320001125335691,323.0,464.0,1.4950001239776611
340.0,86.0,3.3800001144409175,335.0,81.0,3.398000240325928,335.0,81.0,3.398000240325928,335.0,82.0,3.4170000553131104,334.0,81.0,3.398000240325928,333.0,81.0,3.3800001144409175,331.0,82.0,3.3620002269744877,329.0,88.0,3.4740002155303955,323.0,89.0,3.574000120162964,341.0,95.0,3.398000240325928,340.0,94.0,3.398000240325928,333.0,136.0,2.624000072479248,318.0,122.0,2.764000177383423,351.0,171.0,3.3620002269744877,347.0,106.0,3.094000101089477,361.0,184.0,3.436000108718872,369.0,71.0,3.344000101089477,364.0,188.0,3.3800001144409175,373.0,60.0,3.17300009727478,363.0,186.0,3.398000240325928,368.0,60.0,3.2060000896453857,361.0,184.0,3.436000108718872,366.0,65.0,3.2060000896453857,345.0,255.0,2.7040002346038814,322.0,254.0,2.468000173568725,342.0,335.0,3.2560000419616695,316.0,342.0,2.8930001258850098,341.0,421.0,1.8350000381469729,300.0,438.0,1.7090001106262207,333.0,434.0,1.6850000619888303,294.0,450.0,1.6070001125335691,376.0,439.0,1.7090001106262207,323.0,464.0,1.4910000562667847
341.0,86.0,3.273000240325928,335.0,81.0,3.436000108718872,335.0,81.0,3.436000108718872,335.0,82.0,3.4170000553131104,334.0,81.0,3.4740002155303955,333.0,81.0,3.4740002155303955,332.0,81.0,3.4940001964569087,329.0,88.0,3.436000108718872,323.0,88.0,3.4170000553131104,341.0,95.0,3.326000213623047,340.0,94.0,3.3080000877380367,333.0,136.0,2.6020002365112305,318.0,121.0,2.7890000343322754,351.0,171.0,3.344000101089477,349.0,105.0,3.110000133514404,362.0,178.0,3.6160001754760738,369.0,69.0,3.3620002269744877,364.0,181.0,3.574000120162964,373.0,58.0,3.436000108718872,363.0,179.0,3.6160001754760738,368.0,58.0,3.455000162124634,361.0,177.0,3.6160001754760738,367.0,63.0,3.4170000553131104,345.0,255.0,2.6580002307891846,322.0,254.0,2.468000173568725,342.0,335.0,3.2060000896453857,316.0,342.0,2.9200000762939453,341.0,421.0,1.8790000677108765,300.0,438.0,1.6900000572204588,332.0,434.0,1.7370001077651975,294.0,449.0,1.5950000286102295,375.0,439.0,1.718000054359436,322.0,464.0,1.474000096321106
348.0,86.0,3.4170000553131104,346.0,79.0,3.4170000553131104,347.0,79.0,3.4170000553131104,347.0,79.0,3.4170000553131104,343.0,78.0,3.398000240325928,340.0,78.0,3.398000240325928,338.0,78.0,3.3800001144409175,341.0,83.0,3.398000240325928,327.0,82.0,3.2560000419616695,347.0,94.0,3.2560000419616695,343.0,94.0,3.2560000419616695,343.0,135.0,3.094000101089477,304.0,126.0,3.2060000896453857,335.0,196.0,2.6920001506805415,294.0,189.0,2.6580002307891846,345.0,244.0,2.7160000801086426,289.0,250.0,2.498000144958496,353.0,261.0,3.064000129699707,285.0,268.0,3.273000240325928,351.0,260.0,3.004000186920166,290.0,267.0,2.764000177383423,347.0,254.0,2.752000093460083,293.0,262.0,2.570000171661377,347.0,256.0,2.7760000228881836,316.0,255.0,2.4880001544952393,344.0,334.0,3.17300009727478,311.0,341.0,2.7280001640319824,342.0,421.0,1.8450000286102293,299.0,440.0,1.6990001201629639,333.0,433.0,1.7040001153945923,294.0,451.0,1.5910000801086424,376.0,438.0,1.6990001201629639,322.0,464.0,1.5280001163482666
341.0,86.0,3.1410000324249268,336.0,81.0,3.2560000419616695,335.0,81.0,3.273000240325928,335.0,82.0,3.239000082015991,335.0,81.0,3.273000240325928,333.0,81.0,3.2900002002716064,332.0,81.0,3.3080000877380367,328.0,88.0,3.189000129699707,323.0,88.0,3.273000240325928,341.0,95.0,3.17300009727478,340.0,94.0,3.157000064849853,333.0,136.0,2.580000162124634,318.0,121.0,2.8010001182556152,352.0,169.0,3.189000129699707,350.0,105.0,3.064000129699707,362.0,173.0,3.344000101089477,369.0,68.0,3.326000213623047,365.0,176.0,3.326000213623047,373.0,57.0,3.4170000553131104,363.0,174.0,3.344000101089477,368.0,57.0,3.436000108718872,362.0,172.0,3.326000213623047,367.0,62.0,3.3800001144409175,345.0,255.0,2.6810002326965328,322.0,254.0,2.448000192642212,343.0,335.0,3.2060000896453857,316.0,342.0,2.8930001258850098,341.0,421.0,1.9140000343322756,300.0,438.0,1.6900000572204588,332.0,434.0,1.752000093460083,294.0,449.0,1.6110000610351562,376.0,439.0,1.7230000495910645,322.0,464.0,1.4950001239776611
341.0,86.0,3.273000240325928,336.0,81.0,3.273000240325928,335.0,81.0,3.2900002002716064,335.0,82.0,3.2900002002716064,335.0,81.0,3.2900002002716064,334.0,81.0,3.326000213623047,332.0,81.0,3.3800001144409175,328.0,88.0,3.574000120162964,324.0,88.0,3.63700008392334,342.0,95.0,3.455000162124634,340.0,94.0,3.4170000553131104,333.0,136.0,2.570000171661377,319.0,121.0,2.8010001182556152,352.0,168.0,3.2060000896453857,350.0,103.0,3.1410000324249268,362.0,177.0,3.3080000877380367,369.0,67.0,3.3800001144409175,365.0,181.0,3.2900002002716064,373.0,56.0,3.239000082015991,363.0,179.0,3.2900002002716064,368.0,57.0,3.239000082015991,362.0,177.0,3.3080000877380367,367.0,61.0,3.326000213623047,345.0,255.0,2.6690001487731934,322.0,253.0,2.4580001831054688,343.0,335.0,3.273000240325928,316.0,341.0,2.879000186920166,341.0,421.0,1.8790000677108765,300.0,438.0,1.6850000619888303,333.0,433.0,1.718000054359436,294.0,449.0,1.6110000610351562,376.0,439.0,1.7280000448226929,322.0,464.0,1.4950001239776611
342.0,85.0,3.2900002002716064,336.0,81.0,3.3620002269744877,336.0,81.0,3.3620002269744877,335.0,82.0,3.3620002269744877,336.0,81.0,3.3620002269744877,334.0,81.0,3.3620002269744877,333.0,81.0,3.3620002269744877,328.0,88.0,3.3080000877380367,324.0,88.0,3.344000101089477,342.0,94.0,3.3080000877380367,341.0,93.0,3.2900002002716064,332.0,136.0,2.549000024795532,319.0,121.0,2.7890000343322754,350.0,167.0,3.0340001583099365,351.0,100.0,3.3620002269744877,358.0,176.0,3.326000213623047,369.0,67.0,3.344000101089477,360.0,181.0,3.273000240325928,372.0,55.0,3.5950002670288086,358.0,179.0,3.326000213623047,368.0,56.0,3.5950002670288086,357.0,177.0,3.344000101089477,366.0,60.0,3.436000108718872,344.0,255.0,2.6690001487731934,322.0,254.0,2.4780001640319824,343.0,335.0,3.3620002269744877,317.0,341.0,2.906000137329101,341.0,421.0,1.950000047683716,300.0,438.0,1.6810001134872437,333.0,434.0,1.7920000553131104,294.0,449.0,1.6030000448226929,376.0,439.0,1.7090001106262207,322.0,464.0,1.4950001239776611
342.0,85.0,3.398000240325928,336.0,81.0,3.398000240325928,336.0,81.0,3.398000240325928,335.0,81.0,3.3800001144409175,336.0,80.0,3.3800001144409175,335.0,81.0,3.3800001144409175,333.0,81.0,3.3620002269744877,328.0,88.0,3.3620002269744877,324.0,88.0,3.3800001144409175,343.0,94.0,3.344000101089477,341.0,93.0,3.344000101089477,332.0,136.0,2.5590000152587886,319.0,120.0,2.8010001182556152,350.0,165.0,3.094000101089477,352.0,99.0,3.398000240325928,358.0,170.0,3.55400013923645,368.0,66.0,3.3800001144409175,359.0,173.0,3.5340001583099365,372.0,55.0,3.3080000877380367,357.0,171.0,3.574000120162964,368.0,55.0,3.3620002269744877,356.0,170.0,3.5340001583099365,366.0,60.0,3.455000162124634,344.0,255.0,2.6810002326965328,322.0,254.0,2.4780001640319824,343.0,335.0,3.2220001220703125,317.0,341.0,2.84000015258789,341.0,421.0,1.8790000677108765,300.0,438.0,1.7040001153945923,332.0,434.0,1.752000093460083,295.0,449.0,1.599000096321106,376.0,439.0,1.7280000448226929,322.0,464.0,1.4950001239776611
342.0,85.0,3.3800001144409175,336.0,81.0,3.4170000553131104,336.0,81.0,3.4170000553131104,335.0,81.0,3.4170000553131104,336.0,80.0,3.398000240325928,335.0,80.0,3.4170000553131104,333.0,81.0,3.436000108718872,328.0,88.0,3.273000240325928,324.0,88.0,3.2560000419616695,343.0,94.0,3.398000240325928,342.0,92.0,3.398000240325928,333.0,136.0,2.5380001068115234,319.0,120.0,2.8010001182556152,350.0,170.0,3.125000238418579,352.0,98.0,3.4940001964569087,357.0,184.0,3.398000240325928,368.0,66.0,3.239000082015991,359.0,189.0,3.436000108718872,372.0,54.0,3.4170000553131104,357.0,188.0,3.4170000553131104,367.0,55.0,3.455000162124634,356.0,185.0,3.398000240325928,366.0,60.0,3.2220001220703125,344.0,255.0,2.6920001506805415,322.0,253.0,2.4580001831054688,342.0,335.0,3.2900002002716064,317.0,341.0,2.9330000877380367,341.0,421.0,1.8900001049041748,300.0,438.0,1.6810001134872437,333.0,434.0,1.7280000448226929,295.0,449.0,1.5950000286102295,376.0,439.0,1.7280000448226929,323.0,464.0,1.4950001239776611
342.0,84.0,3.326000213623047,336.0,80.0,3.3620002269744877,336.0,81.0,3.3620002269744877,335.0,81.0,3.3620002269744877,336.0,80.0,3.3620002269744877,334.0,80.0,3.3620002269744877,333.0,81.0,3.3620002269744877,328.0,88.0,3.3620002269744877,324.0,88.0,3.3620002269744877,343.0,93.0,3.4740002155303955,342.0,92.0,3.4740002155303955,333.0,136.0,2.498000144958496,319.0,120.0,2.814000129699707,349.0,172.0,3.2220001220703125,355.0,98.0,3.2900002002716064,355.0,191.0,3.064000129699707,367.0,66.0,3.239000082015991,356.0,197.0,3.189000129699707,371.0,54.0,3.3800001144409175,353.0,196.0,3.125000238418579,366.0,55.0,3.398000240325928,353.0,193.0,2.9900002479553223,365.0,60.0,3.3620002269744877,344.0,255.0,2.6460001468658447,322.0,253.0,2.468000173568725,342.0,335.0,3.2900002002716064,317.0,340.0,2.9200000762939453,341.0,421.0,1.8510000705718996,300.0,438.0,1.6810001134872437,333.0,434.0,1.7130000591278076,295.0,449.0,1.5910000801086424,376.0,439.0,1.7130000591278076,323.0,464.0,1.5090000629425049
342.0,84.0,3.4740002155303955,336.0,80.0,3.4740002155303955,335.0,80.0,3.455000162124634,334.0,81.0,3.4940001964569087,335.0,80.0,3.455000162124634,334.0,80.0,3.455000162124634,333.0,80.0,3.4170000553131104,327.0,88.0,3.4740002155303955,324.0,87.0,3.4170000553131104,342.0,93.0,3.4940001964569087,341.0,91.0,3.4740002155303955,333.0,136.0,2.468000173568725,318.0,120.0,2.827000141143799,349.0,169.0,3.0490002632141118,353.0,95.0,3.3800001144409175,355.0,178.0,3.455000162124634,367.0,64.0,3.3620002269744877,356.0,182.0,3.455000162124634,371.0,54.0,3.6160001754760738,354.0,181.0,3.436000108718872,366.0,54.0,3.514000177383423,353.0,179.0,3.436000108718872,364.0,59.0,3.4940001964569087,345.0,255.0,2.6690001487731934,322.0,253.0,2.468000173568725,342.0,335.0,3.2060000896453857,317.0,340.0,2.906000137329101,341.0,421.0,1.8620001077651975,300.0,438.0,1.6990001201629639,333.0,434.0,1.7320001125335691,295.0,450.0,1.6030000448226929,376.0,439.0,1.7130000591278076,323.0,464.0,1.499000072479248
341.0,82.0,3.2560000419616695,335.0,79.0,3.326000213623047,334.0,80.0,3.3620002269744877,333.0,80.0,3.3620002269744877,334.0,79.0,3.344000101089477,333.0,79.0,3.344000101089477,332.0,79.0,3.3620002269744877,325.0,88.0,3.4170000553131104,323.0,86.0,3.436000108718872,342.0,92.0,3.398000240325928,341.0,90.0,3.3620002269744877,332.0,135.0,2.498000144958496,318.0,119.0,2.8930001258850098,347.0,171.0,3.125000238418579,360.0,101.0,2.9760000705718994,353.0,186.0,3.2060000896453857,366.0,64.0,3.3620002269744877,354.0,192.0,3.125000238418579,370.0,53.0,3.273000240325928,352.0,190.0,3.094000101089477,365.0,54.0,3.2560000419616695,352.0,188.0,3.125000238418579,363.0,59.0,3.326000213623047,344.0,254.0,2.6690001487731934,322.0,252.0,2.4880001544952393,342.0,335.0,3.326000213623047,317.0,339.0,2.9330000877380367,341.0,421.0,1.8620001077651975,300.0,438.0,1.6810001134872437,332.0,434.0,1.7280000448226929,295.0,449.0,1.599000096321106,376.0,439.0,1.6900000572204588,323.0,464.0,1.4840000867843628
340.0,82.0,3.4170000553131104,334.0,79.0,3.5340001583099365,333.0,79.0,3.55400013923645,332.0,80.0,3.574000120162964,333.0,78.0,3.55400013923645,332.0,78.0,3.574000120162964,331.0,79.0,3.5950002670288086,324.0,87.0,3.3620002269744877,322.0,86.0,3.398000240325928,341.0,91.0,3.344000101089477,340.0,89.0,3.398000240325928,330.0,133.0,2.5590000152587886,318.0,117.0,2.9200000762939453,347.0,160.0,3.3080000877380367,356.0,99.0,3.0490002632141118,358.0,154.0,3.273000240325928,366.0,62.0,3.3800001144409175,360.0,153.0,3.3080000877380367,370.0,52.0,3.455000162124634,359.0,152.0,3.326000213623047,365.0,53.0,3.4170000553131104,358.0,151.0,3.3620002269744877,363.0,58.0,3.436000108718872,343.0,253.0,2.6460001468658447,322.0,251.0,2.468000173568725,342.0,334.0,3.2900002002716064,318.0,338.0,2.906000137329101,341.0,421.0,1.873000144958496,300.0,437.0,1.742000102996826,331.0,434.0,1.718000054359436,295.0,449.0,1.599000096321106,375.0,439.0,1.6810001134872437,323.0,464.0,1.502000093460083
339.0,81.0,3.514000177383423,332.0,78.0,3.455000162124634,332.0,79.0,3.4740002155303955,331.0,79.0,3.455000162124634,332.0,78.0,3.455000162124634,331.0,78.0,3.436000108718872,330.0,78.0,3.4170000553131104,323.0,87.0,3.7020001411437993,321.0,85.0,3.574000120162964,339.0,90.0,3.436000108718872,339.0,88.0,3.455000162124634,329.0,133.0,2.570000171661377,318.0,117.0,3.004000186920166,347.0,160.0,3.326000213623047,349.0,95.0,3.2560000419616695,359.0,156.0,3.3080000877380367,365.0,62.0,3.514000177383423,361.0,156.0,3.3080000877380367,369.0,52.0,3.3800001144409175,360.0,154.0,3.344000101089477,364.0,52.0,3.455000162124634,359.0,153.0,3.3620002269744877,362.0,57.0,3.4740002155303955,343.0,253.0,2.6580002307891846,323.0,250.0,2.439000129699707,342.0,334.0,3.326000213623047,318.0,338.0,2.947000026702881,341.0,421.0,1.8450000286102293,300.0,437.0,1.7040001153945923,331.0,434.0,1.718000054359436,295.0,449.0,1.6030000448226929,375.0,439.0,1.6950000524520874,323.0,464.0,1.4910000562667847
350.0,86.0,3.3800001144409175,347.0,79.0,3.398000240325928,348.0,79.0,3.3800001144409175,348.0,79.0,3.3800001144409175,344.0,79.0,3.4170000553131104,342.0,78.0,3.4740002155303955,339.0,78.0,3.4740002155303955,342.0,83.0,3.273000240325928,328.0,82.0,3.2900002002716064,348.0,94.0,3.574000120162964,344.0,94.0,3.4940001964569087,343.0,135.0,3.125000238418579,304.0,126.0,3.0490002632141118,334.0,196.0,2.7400002479553223,293.0,189.0,2.7890000343322754,345.0,244.0,2.752000093460083,288.0,250.0,2.5180001258850098,353.0,261.0,3.125000238418579,285.0,268.0,3.17300009727478,351.0,260.0,3.0340001583099365,289.0,267.0,2.9200000762939453,347.0,255.0,2.7890000343322754,292.0,262.0,2.6920001506805415,347.0,256.0,2.8010001182556152,316.0,255.0,2.468000173568725,344.0,334.0,3.344000101089477,311.0,341.0,2.6920001506805415,342.0,420.0,1.9560000896453855,299.0,440.0,1.6630001068115234,333.0,433.0,1.7040001153945923,294.0,451.0,1.5820000171661377,376.0,438.0,1.6850000619888303,322.0,464.0,1.499000072479248
338.0,81.0,3.3620002269744877,332.0,78.0,3.2900002002716064,331.0,79.0,3.2560000419616695,330.0,79.0,3.239000082015991,332.0,77.0,3.3080000877380367,331.0,78.0,3.273000240325928,329.0,78.0,3.239000082015991,323.0,87.0,3.273000240325928,321.0,85.0,3.2060000896453857,339.0,90.0,3.239000082015991,338.0,88.0,3.239000082015991,329.0,133.0,2.549000024795532,318.0,117.0,2.9760000705718994,346.0,162.0,3.064000129699707,354.0,98.0,3.004000186920166,357.0,159.0,3.157000064849853,364.0,61.0,3.4170000553131104,359.0,159.0,3.2060000896453857,368.0,51.0,3.4740002155303955,358.0,158.0,3.189000129699707,363.0,52.0,3.398000240325928,357.0,157.0,3.189000129699707,361.0,57.0,3.3080000877380367,343.0,253.0,2.6580002307891846,323.0,250.0,2.4580001831054688,342.0,334.0,3.239000082015991,318.0,338.0,2.961000204086304,341.0,421.0,1.9740000963211055,300.0,437.0,1.7040001153945923,332.0,434.0,1.742000102996826,295.0,449.0,1.6030000448226929,375.0,439.0,1.6720000505447388,323.0,464.0,1.502000093460083
338.0,81.0,3.3800001144409175,331.0,78.0,3.2900002002716064,330.0,79.0,3.2900002002716064,329.0,79.0,3.273000240325928,331.0,78.0,3.2900002002716064,330.0,78.0,3.273000240325928,329.0,78.0,3.273000240325928,322.0,87.0,3.273000240325928,321.0,85.0,3.326000213623047,338.0,90.0,3.3080000877380367,338.0,88.0,3.326000213623047,327.0,132.0,2.5910000801086426,318.0,116.0,3.0340001583099365,347.0,154.0,3.2220001220703125,347.0,91.0,3.239000082015991,360.0,141.0,3.344000101089477,364.0,60.0,3.436000108718872,362.0,139.0,3.3620002269744877,368.0,50.0,3.514000177383423,361.0,138.0,3.3800001144409175,363.0,51.0,3.4740002155303955,360.0,138.0,3.3800001144409175,361.0,55.0,3.4170000553131104,342.0,253.0,2.6690001487731934,323.0,250.0,2.468000173568725,341.0,334.0,3.3800001144409175,318.0,338.0,2.866000175476074,341.0,422.0,1.8790000677108765,300.0,437.0,1.6950000524520874,330.0,435.0,1.718000054359436,295.0,449.0,1.5950000286102295,375.0,439.0,1.7130000591278076,323.0,464.0,1.4810000658035278
337.0,82.0,3.2900002002716064,330.0,78.0,3.2900002002716064,330.0,79.0,3.3080000877380367,329.0,80.0,3.326000213623047,330.0,78.0,3.2900002002716064,329.0,78.0,3.2900002002716064,328.0,78.0,3.3080000877380367,321.0,87.0,3.3800001144409175,320.0,85.0,3.4170000553131104,337.0,90.0,3.273000240325928,337.0,88.0,3.2900002002716064,327.0,132.0,2.580000162124634,317.0,117.0,3.004000186920166,347.0,167.0,3.2060000896453857,346.0,91.0,3.239000082015991,361.0,169.0,3.4170000553131104,364.0,60.0,3.326000213623047,363.0,171.0,3.398000240325928,368.0,50.0,3.2060000896453857,363.0,169.0,3.436000108718872,363.0,51.0,3.2060000896453857,361.0,168.0,3.436000108718872,361.0,54.0,3.2220001220703125,342.0,253.0,2.6460001468658447,323.0,251.0,2.468000173568725,341.0,335.0,3.2900002002716064,318.0,339.0,2.8930001258850098,341.0,422.0,1.829000115394592,301.0,437.0,1.7040001153945923,330.0,435.0,1.7470000982284544,295.0,449.0,1.599000096321106,375.0,440.0,1.7230000495910645,323.0,464.0,1.4880000352859497
336.0,82.0,3.3620002269744877,330.0,79.0,3.4170000553131104,329.0,79.0,3.4170000553131104,328.0,80.0,3.4170000553131104,330.0,78.0,3.4170000553131104,329.0,78.0,3.4170000553131104,328.0,78.0,3.4170000553131104,321.0,87.0,3.273000240325928,320.0,85.0,3.326000213623047,337.0,90.0,3.273000240325928,336.0,88.0,3.3080000877380367,327.0,132.0,2.6020002365112305,317.0,117.0,2.9760000705718994,347.0,155.0,3.239000082015991,345.0,91.0,3.344000101089477,359.0,140.0,3.4170000553131104,364.0,58.0,3.17300009727478,362.0,137.0,3.3620002269744877,368.0,49.0,3.2900002002716064,361.0,135.0,3.3620002269744877,363.0,50.0,3.273000240325928,360.0,135.0,3.3800001144409175,361.0,53.0,3.17300009727478,342.0,253.0,2.6690001487731934,323.0,251.0,2.448000192642212,341.0,335.0,3.2900002002716064,318.0,339.0,2.906000137329101,341.0,422.0,1.8620001077651975,301.0,437.0,1.7230000495910645,329.0,435.0,1.7040001153945923,295.0,449.0,1.6280000209808347,375.0,440.0,1.6850000619888303,323.0,464.0,1.4950001239776611
336.0,82.0,3.3080000877380367,330.0,79.0,3.189000129699707,329.0,79.0,3.2060000896453857,328.0,80.0,3.239000082015991,330.0,78.0,3.17300009727478,329.0,78.0,3.189000129699707,327.0,79.0,3.239000082015991,320.0,88.0,3.436000108718872,320.0,85.0,3.436000108718872,336.0,90.0,3.2220001220703125,336.0,88.0,3.273000240325928,327.0,132.0,2.6020002365112305,317.0,117.0,3.0790002346038814,347.0,161.0,3.6160001754760738,345.0,90.0,3.344000101089477,360.0,155.0,3.4740002155303955,364.0,57.0,3.436000108718872,363.0,155.0,3.4940001964569087,368.0,48.0,3.273000240325928,362.0,153.0,3.455000162124634,362.0,49.0,3.326000213623047,361.0,152.0,3.455000162124634,361.0,53.0,3.3620002269744877,342.0,253.0,2.6580002307891846,324.0,251.0,2.468000173568725,340.0,335.0,3.2560000419616695,318.0,339.0,2.879000186920166,340.0,422.0,1.8450000286102293,301.0,437.0,1.6950000524520874,328.0,435.0,1.6900000572204588,295.0,449.0,1.599000096321106,375.0,439.0,1.6990001201629639,323.0,464.0,1.5090000629425049
336.0,82.0,3.344000101089477,330.0,79.0,3.326000213623047,329.0,79.0,3.326000213623047,328.0,80.0,3.3080000877380367,330.0,78.0,3.344000101089477,329.0,78.0,3.326000213623047,327.0,79.0,3.326000213623047,320.0,88.0,3.4940001964569087,320.0,85.0,3.344000101089477,336.0,90.0,3.4740002155303955,336.0,88.0,3.436000108718872,327.0,132.0,2.5910000801086426,317.0,116.0,3.064000129699707,346.0,173.0,3.110000133514404,345.0,89.0,3.189000129699707,359.0,191.0,3.2220001220703125,364.0,57.0,3.4740002155303955,362.0,197.0,3.344000101089477,367.0,48.0,3.398000240325928,360.0,195.0,3.326000213623047,362.0,49.0,3.455000162124634,359.0,192.0,3.2560000419616695,361.0,53.0,3.514000177383423,341.0,253.0,2.635000228881836,324.0,250.0,2.4880001544952393,340.0,335.0,3.17300009727478,318.0,338.0,2.9330000877380367,340.0,422.0,1.8790000677108765,301.0,437.0,1.6950000524520874,328.0,435.0,1.6900000572204588,295.0,449.0,1.5910000801086424,375.0,439.0,1.7130000591278076,323.0,464.0,1.4880000352859497
335.0,82.0,3.273000240325928,329.0,79.0,3.326000213623047,328.0,80.0,3.344000101089477,327.0,81.0,3.326000213623047,329.0,79.0,3.326000213623047,328.0,79.0,3.344000101089477,327.0,79.0,3.344000101089477,320.0,88.0,3.239000082015991,319.0,86.0,3.239000082015991,336.0,90.0,3.3080000877380367,335.0,89.0,3.326000213623047,326.0,132.0,2.624000072479248,317.0,116.0,3.110000133514404,346.0,166.0,3.2220001220703125,345.0,88.0,3.344000101089477,360.0,163.0,3.3080000877380367,364.0,58.0,3.3080000877380367,362.0,162.0,3.2900002002716064,367.0,47.0,3.326000213623047,361.0,160.0,3.326000213623047,362.0,48.0,3.2900002002716064,360.0,160.0,3.326000213623047,361.0,53.0,3.2220001220703125,341.0,253.0,2.624000072479248,324.0,250.0,2.448000192642212,340.0,335.0,3.157000064849853,318.0,339.0,2.906000137329101,340.0,422.0,1.9250000715255735,301.0,437.0,1.718000054359436,329.0,435.0,1.7670000791549683,295.0,449.0,1.6070001125335691,375.0,438.0,1.7920000553131104,323.0,464.0,1.50600004196167
335.0,82.0,3.436000108718872,329.0,80.0,3.4740002155303955,329.0,80.0,3.4740002155303955,328.0,81.0,3.4940001964569087,329.0,79.0,3.4740002155303955,328.0,79.0,3.4740002155303955,327.0,79.0,3.4940001964569087,320.0,88.0,3.436000108718872,320.0,86.0,3.514000177383423,336.0,91.0,3.3080000877380367,336.0,89.0,3.3080000877380367,327.0,132.0,2.5910000801086426,318.0,117.0,3.094000101089477,347.0,164.0,3.4170000553131104,346.0,89.0,3.3800001144409175,361.0,158.0,3.2900002002716064,364.0,58.0,3.3800001144409175,364.0,157.0,3.3080000877380367,367.0,47.0,3.344000101089477,363.0,155.0,3.326000213623047,362.0,48.0,3.3800001144409175,362.0,155.0,3.326000213623047,361.0,53.0,3.3800001144409175,342.0,253.0,2.6920001506805415,324.0,250.0,2.4580001831054688,340.0,335.0,3.2560000419616695,318.0,339.0,2.8930001258850098,340.0,422.0,1.868000030517578,301.0,437.0,1.7090001106262207,329.0,435.0,1.7230000495910645,296.0,449.0,1.5950000286102295,375.0,438.0,1.7320001125335691,323.0,464.0,1.502000093460083
336.0,82.0,3.4940001964569087,329.0,80.0,3.455000162124634,329.0,80.0,3.455000162124634,328.0,81.0,3.4740002155303955,329.0,79.0,3.4170000553131104,328.0,79.0,3.4170000553131104,327.0,79.0,3.4170000553131104,320.0,88.0,3.3620002269744877,320.0,86.0,3.326000213623047,336.0,91.0,3.398000240325928,336.0,89.0,3.4740002155303955,327.0,132.0,2.6020002365112305,318.0,117.0,3.110000133514404,347.0,152.0,3.2900002002716064,348.0,89.0,3.658000230789185,361.0,136.0,3.4170000553131104,364.0,57.0,3.344000101089477,364.0,133.0,3.344000101089477,367.0,47.0,3.574000120162964,363.0,131.0,3.326000213623047,362.0,48.0,3.5340001583099365,362.0,131.0,3.344000101089477,361.0,52.0,3.398000240325928,342.0,253.0,2.635000228881836,324.0,251.0,2.468000173568725,340.0,335.0,3.110000133514404,319.0,339.0,2.9760000705718994,338.0,423.0,1.868000030517578,301.0,437.0,1.7230000495910645,328.0,436.0,1.6990001201629639,296.0,449.0,1.5820000171661377,375.0,438.0,1.6670000553131104,323.0,464.0,1.446000099182129
336.0,82.0,3.4740002155303955,329.0,79.0,3.326000213623047,329.0,80.0,3.344000101089477,328.0,81.0,3.326000213623047,329.0,79.0,3.326000213623047,328.0,79.0,3.3080000877380367,327.0,79.0,3.2900002002716064,321.0,88.0,3.3620002269744877,320.0,86.0,3.3620002269744877,336.0,90.0,3.398000240325928,336.0,89.0,3.398000240325928,328.0,132.0,2.5910000801086426,318.0,117.0,3.0790002346038814,348.0,146.0,3.2060000896453857,348.0,88.0,3.4740002155303955,362.0,123.0,3.3800001144409175,364.0,57.0,3.436000108718872,364.0,117.0,3.1410000324249268,367.0,47.0,3.3080000877380367,363.0,116.0,3.157000064849853,362.0,47.0,3.189000129699707,362.0,117.0,3.17300009727478,361.0,52.0,3.3080000877380367,343.0,253.0,2.635000228881836,324.0,251.0,2.468000173568725,341.0,335.0,3.2220001220703125,318.0,340.0,2.8930001258850098,339.0,423.0,1.8450000286102293,301.0,437.0,1.6850000619888303,330.0,435.0,1.7230000495910645,296.0,449.0,1.5950000286102295,376.0,438.0,1.7090001106262207,323.0,464.0,1.4880000352859497
